# FELIX	FELIX_CH	CHIP	CHANNEL
0	1	0	124
0	1	0	126
0	1	1	122
0	1	1	126
0	1	1	127
0	1	2	124
0	1	2	126
0	1	3	126
0	1	4	126
0	1	4	127
0	1	5	126
0	1	5	127
0	1	6	126
0	1	7	126
0	1	8	126
0	1	9	126
0	1	9	127
0	1	10	120
0	1	10	126
0	1	11	126
0	1	12	124
0	1	12	126
0	1	12	127
0	1	13	126
0	1	14	126
0	1	15	126
0	1	16	126
0	1	18	126
0	1	18	127
0	1	19	126
0	1	19	127
0	1	20	126
0	1	21	126
0	1	22	126
0	1	22	127
0	1	24	126
0	1	25	126
0	1	25	127
0	6	6	127
1	1	8	126
1	1	10	126
1	1	11	126
1	1	23	126
1	2	14	0
1	2	16	0
1	4	0	0
1	4	0	1
1	4	0	2
1	4	0	3
1	4	0	4
1	4	0	5
1	4	0	6
1	4	0	7
1	4	0	8
1	4	0	9
1	4	0	10
1	4	0	11
1	4	0	12
1	4	0	13
1	4	0	14
1	4	0	15
1	4	0	16
1	4	0	17
1	4	0	18
1	4	0	19
1	4	0	20
1	4	0	21
1	4	0	22
1	4	0	23
1	4	0	24
1	4	0	25
1	4	0	26
1	4	0	27
1	4	0	28
1	4	0	29
1	4	0	30
1	4	0	31
1	4	0	32
1	4	0	33
1	4	0	34
1	4	0	35
1	4	0	36
1	4	0	37
1	4	0	38
1	4	0	39
1	4	0	40
1	4	0	41
1	4	0	42
1	4	0	43
1	4	0	44
1	4	0	45
1	4	0	46
1	4	0	47
1	4	0	48
1	4	0	49
1	4	0	50
1	4	0	51
1	4	0	52
1	4	0	53
1	4	0	54
1	4	0	55
1	4	0	56
1	4	0	57
1	4	0	58
1	4	0	59
1	4	0	60
1	4	0	61
1	4	0	62
1	4	0	63
1	4	0	64
1	4	0	65
1	4	0	66
1	4	0	67
1	4	0	68
1	4	0	69
1	4	0	70
1	4	0	71
1	4	0	72
1	4	0	73
1	4	0	74
1	4	0	75
1	4	0	76
1	4	0	77
1	4	0	78
1	4	0	79
1	4	0	80
1	4	0	81
1	4	0	82
1	4	0	83
1	4	0	84
1	4	0	85
1	4	0	86
1	4	0	87
1	4	0	88
1	4	0	89
1	4	0	90
1	4	0	91
1	4	0	92
1	4	0	93
1	4	0	94
1	4	0	95
1	4	0	96
1	4	0	97
1	4	0	98
1	4	0	99
1	4	0	100
1	4	0	101
1	4	0	102
1	4	0	103
1	4	0	104
1	4	0	105
1	4	0	106
1	4	0	107
1	4	0	108
1	4	0	109
1	4	0	110
1	4	0	111
1	4	0	112
1	4	0	113
1	4	0	114
1	4	0	115
1	4	0	116
1	4	0	117
1	4	0	118
1	4	0	119
1	4	0	120
1	4	0	121
1	4	0	122
1	4	0	123
1	4	0	124
1	4	0	125
1	4	0	126
1	4	0	127
1	4	1	0
1	4	1	1
1	4	1	2
1	4	1	3
1	4	1	4
1	4	1	5
1	4	1	6
1	4	1	7
1	4	1	8
1	4	1	9
1	4	1	10
1	4	1	11
1	4	1	12
1	4	1	13
1	4	1	14
1	4	1	15
1	4	1	16
1	4	1	17
1	4	1	18
1	4	1	19
1	4	1	20
1	4	1	21
1	4	1	22
1	4	1	23
1	4	1	24
1	4	1	25
1	4	1	26
1	4	1	27
1	4	1	28
1	4	1	29
1	4	1	30
1	4	1	31
1	4	1	32
1	4	1	33
1	4	1	34
1	4	1	35
1	4	1	36
1	4	1	37
1	4	1	38
1	4	1	39
1	4	1	40
1	4	1	41
1	4	1	42
1	4	1	43
1	4	1	44
1	4	1	45
1	4	1	46
1	4	1	47
1	4	1	48
1	4	1	49
1	4	1	50
1	4	1	51
1	4	1	52
1	4	1	53
1	4	1	54
1	4	1	55
1	4	1	56
1	4	1	57
1	4	1	58
1	4	1	59
1	4	1	60
1	4	1	61
1	4	1	62
1	4	1	63
1	4	1	64
1	4	1	65
1	4	1	66
1	4	1	67
1	4	1	68
1	4	1	69
1	4	1	70
1	4	1	71
1	4	1	72
1	4	1	73
1	4	1	74
1	4	1	75
1	4	1	76
1	4	1	77
1	4	1	78
1	4	1	79
1	4	1	80
1	4	1	81
1	4	1	82
1	4	1	83
1	4	1	84
1	4	1	85
1	4	1	86
1	4	1	87
1	4	1	88
1	4	1	89
1	4	1	90
1	4	1	91
1	4	1	92
1	4	1	93
1	4	1	94
1	4	1	95
1	4	1	96
1	4	1	97
1	4	1	98
1	4	1	99
1	4	1	100
1	4	1	101
1	4	1	102
1	4	1	103
1	4	1	104
1	4	1	105
1	4	1	106
1	4	1	107
1	4	1	108
1	4	1	109
1	4	1	110
1	4	1	111
1	4	1	112
1	4	1	113
1	4	1	114
1	4	1	115
1	4	1	116
1	4	1	117
1	4	1	118
1	4	1	119
1	4	1	120
1	4	1	121
1	4	1	122
1	4	1	123
1	4	1	124
1	4	1	125
1	4	1	126
1	4	1	127
1	4	2	0
1	4	2	1
1	4	2	2
1	4	2	3
1	4	2	4
1	4	2	5
1	4	2	6
1	4	2	7
1	4	2	8
1	4	2	9
1	4	2	10
1	4	2	11
1	4	2	12
1	4	2	13
1	4	2	14
1	4	2	15
1	4	2	16
1	4	2	17
1	4	2	18
1	4	2	19
1	4	2	20
1	4	2	21
1	4	2	22
1	4	2	23
1	4	2	24
1	4	2	25
1	4	2	26
1	4	2	27
1	4	2	28
1	4	2	29
1	4	2	30
1	4	2	31
1	4	2	32
1	4	2	33
1	4	2	34
1	4	2	35
1	4	2	36
1	4	2	37
1	4	2	38
1	4	2	39
1	4	2	40
1	4	2	41
1	4	2	42
1	4	2	43
1	4	2	44
1	4	2	45
1	4	2	46
1	4	2	47
1	4	2	48
1	4	2	49
1	4	2	50
1	4	2	51
1	4	2	52
1	4	2	53
1	4	2	54
1	4	2	55
1	4	2	56
1	4	2	57
1	4	2	58
1	4	2	59
1	4	2	60
1	4	2	61
1	4	2	62
1	4	2	63
1	4	2	64
1	4	2	65
1	4	2	66
1	4	2	67
1	4	2	68
1	4	2	69
1	4	2	70
1	4	2	71
1	4	2	72
1	4	2	73
1	4	2	74
1	4	2	75
1	4	2	76
1	4	2	77
1	4	2	78
1	4	2	79
1	4	2	80
1	4	2	81
1	4	2	82
1	4	2	83
1	4	2	84
1	4	2	85
1	4	2	86
1	4	2	87
1	4	2	88
1	4	2	89
1	4	2	90
1	4	2	91
1	4	2	92
1	4	2	93
1	4	2	94
1	4	2	95
1	4	2	96
1	4	2	97
1	4	2	98
1	4	2	99
1	4	2	100
1	4	2	101
1	4	2	102
1	4	2	103
1	4	2	104
1	4	2	105
1	4	2	106
1	4	2	107
1	4	2	108
1	4	2	109
1	4	2	110
1	4	2	111
1	4	2	112
1	4	2	113
1	4	2	114
1	4	2	115
1	4	2	116
1	4	2	117
1	4	2	118
1	4	2	119
1	4	2	120
1	4	2	121
1	4	2	122
1	4	2	123
1	4	2	124
1	4	2	125
1	4	2	126
1	4	2	127
1	4	3	0
1	4	3	1
1	4	3	2
1	4	3	3
1	4	3	4
1	4	3	5
1	4	3	6
1	4	3	7
1	4	3	8
1	4	3	9
1	4	3	10
1	4	3	11
1	4	3	12
1	4	3	13
1	4	3	14
1	4	3	15
1	4	3	16
1	4	3	17
1	4	3	18
1	4	3	19
1	4	3	20
1	4	3	21
1	4	3	22
1	4	3	23
1	4	3	24
1	4	3	25
1	4	3	26
1	4	3	27
1	4	3	28
1	4	3	29
1	4	3	30
1	4	3	31
1	4	3	32
1	4	3	33
1	4	3	34
1	4	3	35
1	4	3	36
1	4	3	37
1	4	3	38
1	4	3	39
1	4	3	40
1	4	3	41
1	4	3	42
1	4	3	43
1	4	3	44
1	4	3	45
1	4	3	46
1	4	3	47
1	4	3	48
1	4	3	49
1	4	3	50
1	4	3	51
1	4	3	52
1	4	3	53
1	4	3	54
1	4	3	55
1	4	3	56
1	4	3	57
1	4	3	58
1	4	3	59
1	4	3	60
1	4	3	61
1	4	3	62
1	4	3	63
1	4	3	64
1	4	3	65
1	4	3	66
1	4	3	67
1	4	3	68
1	4	3	69
1	4	3	70
1	4	3	71
1	4	3	72
1	4	3	73
1	4	3	74
1	4	3	75
1	4	3	76
1	4	3	77
1	4	3	78
1	4	3	79
1	4	3	80
1	4	3	81
1	4	3	82
1	4	3	83
1	4	3	84
1	4	3	85
1	4	3	86
1	4	3	87
1	4	3	88
1	4	3	89
1	4	3	90
1	4	3	91
1	4	3	92
1	4	3	93
1	4	3	94
1	4	3	95
1	4	3	96
1	4	3	97
1	4	3	98
1	4	3	99
1	4	3	100
1	4	3	101
1	4	3	102
1	4	3	103
1	4	3	104
1	4	3	105
1	4	3	106
1	4	3	107
1	4	3	108
1	4	3	109
1	4	3	110
1	4	3	111
1	4	3	112
1	4	3	113
1	4	3	114
1	4	3	115
1	4	3	116
1	4	3	117
1	4	3	118
1	4	3	119
1	4	3	120
1	4	3	121
1	4	3	122
1	4	3	123
1	4	3	124
1	4	3	125
1	4	3	126
1	4	3	127
1	4	4	0
1	4	4	1
1	4	4	2
1	4	4	3
1	4	4	4
1	4	4	5
1	4	4	6
1	4	4	7
1	4	4	8
1	4	4	9
1	4	4	10
1	4	4	11
1	4	4	12
1	4	4	13
1	4	4	14
1	4	4	15
1	4	4	16
1	4	4	17
1	4	4	18
1	4	4	19
1	4	4	20
1	4	4	21
1	4	4	22
1	4	4	23
1	4	4	24
1	4	4	25
1	4	4	26
1	4	4	27
1	4	4	28
1	4	4	29
1	4	4	30
1	4	4	31
1	4	4	32
1	4	4	33
1	4	4	34
1	4	4	35
1	4	4	36
1	4	4	37
1	4	4	38
1	4	4	39
1	4	4	40
1	4	4	41
1	4	4	42
1	4	4	43
1	4	4	44
1	4	4	45
1	4	4	46
1	4	4	47
1	4	4	48
1	4	4	49
1	4	4	50
1	4	4	51
1	4	4	52
1	4	4	53
1	4	4	54
1	4	4	55
1	4	4	56
1	4	4	57
1	4	4	58
1	4	4	59
1	4	4	60
1	4	4	61
1	4	4	62
1	4	4	63
1	4	4	64
1	4	4	65
1	4	4	66
1	4	4	67
1	4	4	68
1	4	4	69
1	4	4	70
1	4	4	71
1	4	4	72
1	4	4	73
1	4	4	74
1	4	4	75
1	4	4	76
1	4	4	77
1	4	4	78
1	4	4	79
1	4	4	80
1	4	4	81
1	4	4	82
1	4	4	83
1	4	4	84
1	4	4	85
1	4	4	86
1	4	4	87
1	4	4	88
1	4	4	89
1	4	4	90
1	4	4	91
1	4	4	92
1	4	4	93
1	4	4	94
1	4	4	95
1	4	4	96
1	4	4	97
1	4	4	98
1	4	4	99
1	4	4	100
1	4	4	101
1	4	4	102
1	4	4	103
1	4	4	104
1	4	4	105
1	4	4	106
1	4	4	107
1	4	4	108
1	4	4	109
1	4	4	110
1	4	4	111
1	4	4	112
1	4	4	113
1	4	4	114
1	4	4	115
1	4	4	116
1	4	4	117
1	4	4	118
1	4	4	119
1	4	4	120
1	4	4	121
1	4	4	122
1	4	4	123
1	4	4	124
1	4	4	125
1	4	4	126
1	4	4	127
1	4	5	0
1	4	5	1
1	4	5	2
1	4	5	3
1	4	5	4
1	4	5	5
1	4	5	6
1	4	5	7
1	4	5	8
1	4	5	9
1	4	5	10
1	4	5	11
1	4	5	12
1	4	5	13
1	4	5	14
1	4	5	15
1	4	5	16
1	4	5	17
1	4	5	18
1	4	5	19
1	4	5	20
1	4	5	21
1	4	5	22
1	4	5	23
1	4	5	24
1	4	5	25
1	4	5	26
1	4	5	27
1	4	5	28
1	4	5	29
1	4	5	30
1	4	5	31
1	4	5	32
1	4	5	33
1	4	5	34
1	4	5	35
1	4	5	36
1	4	5	37
1	4	5	38
1	4	5	39
1	4	5	40
1	4	5	41
1	4	5	42
1	4	5	43
1	4	5	44
1	4	5	45
1	4	5	46
1	4	5	47
1	4	5	48
1	4	5	49
1	4	5	50
1	4	5	51
1	4	5	52
1	4	5	53
1	4	5	54
1	4	5	55
1	4	5	56
1	4	5	57
1	4	5	58
1	4	5	59
1	4	5	60
1	4	5	61
1	4	5	62
1	4	5	63
1	4	5	64
1	4	5	65
1	4	5	66
1	4	5	67
1	4	5	68
1	4	5	69
1	4	5	70
1	4	5	71
1	4	5	72
1	4	5	73
1	4	5	74
1	4	5	75
1	4	5	76
1	4	5	77
1	4	5	78
1	4	5	79
1	4	5	80
1	4	5	81
1	4	5	82
1	4	5	83
1	4	5	84
1	4	5	85
1	4	5	86
1	4	5	87
1	4	5	88
1	4	5	89
1	4	5	90
1	4	5	91
1	4	5	92
1	4	5	93
1	4	5	94
1	4	5	95
1	4	5	96
1	4	5	97
1	4	5	98
1	4	5	99
1	4	5	100
1	4	5	101
1	4	5	102
1	4	5	103
1	4	5	104
1	4	5	105
1	4	5	106
1	4	5	107
1	4	5	108
1	4	5	109
1	4	5	110
1	4	5	111
1	4	5	112
1	4	5	113
1	4	5	114
1	4	5	115
1	4	5	116
1	4	5	117
1	4	5	118
1	4	5	119
1	4	5	120
1	4	5	121
1	4	5	122
1	4	5	123
1	4	5	124
1	4	5	125
1	4	5	126
1	4	5	127
1	4	6	0
1	4	6	1
1	4	6	2
1	4	6	3
1	4	6	4
1	4	6	5
1	4	6	6
1	4	6	7
1	4	6	8
1	4	6	9
1	4	6	10
1	4	6	11
1	4	6	12
1	4	6	13
1	4	6	14
1	4	6	15
1	4	6	16
1	4	6	17
1	4	6	18
1	4	6	19
1	4	6	20
1	4	6	21
1	4	6	22
1	4	6	23
1	4	6	24
1	4	6	25
1	4	6	26
1	4	6	27
1	4	6	28
1	4	6	29
1	4	6	30
1	4	6	31
1	4	6	32
1	4	6	33
1	4	6	34
1	4	6	35
1	4	6	36
1	4	6	37
1	4	6	38
1	4	6	39
1	4	6	40
1	4	6	41
1	4	6	42
1	4	6	43
1	4	6	44
1	4	6	45
1	4	6	46
1	4	6	47
1	4	6	48
1	4	6	49
1	4	6	50
1	4	6	51
1	4	6	52
1	4	6	53
1	4	6	54
1	4	6	55
1	4	6	56
1	4	6	57
1	4	6	58
1	4	6	59
1	4	6	60
1	4	6	61
1	4	6	62
1	4	6	63
1	4	6	64
1	4	6	65
1	4	6	66
1	4	6	67
1	4	6	68
1	4	6	69
1	4	6	70
1	4	6	71
1	4	6	72
1	4	6	73
1	4	6	74
1	4	6	75
1	4	6	76
1	4	6	77
1	4	6	78
1	4	6	79
1	4	6	80
1	4	6	81
1	4	6	82
1	4	6	83
1	4	6	84
1	4	6	85
1	4	6	86
1	4	6	87
1	4	6	88
1	4	6	89
1	4	6	90
1	4	6	91
1	4	6	92
1	4	6	93
1	4	6	94
1	4	6	95
1	4	6	96
1	4	6	97
1	4	6	98
1	4	6	99
1	4	6	100
1	4	6	101
1	4	6	102
1	4	6	103
1	4	6	104
1	4	6	105
1	4	6	106
1	4	6	107
1	4	6	108
1	4	6	109
1	4	6	110
1	4	6	111
1	4	6	112
1	4	6	113
1	4	6	114
1	4	6	115
1	4	6	116
1	4	6	117
1	4	6	118
1	4	6	119
1	4	6	120
1	4	6	121
1	4	6	122
1	4	6	123
1	4	6	124
1	4	6	125
1	4	6	126
1	4	6	127
1	4	7	0
1	4	7	1
1	4	7	2
1	4	7	3
1	4	7	4
1	4	7	5
1	4	7	6
1	4	7	7
1	4	7	8
1	4	7	9
1	4	7	10
1	4	7	11
1	4	7	12
1	4	7	13
1	4	7	14
1	4	7	15
1	4	7	16
1	4	7	17
1	4	7	18
1	4	7	19
1	4	7	20
1	4	7	21
1	4	7	22
1	4	7	23
1	4	7	24
1	4	7	25
1	4	7	26
1	4	7	27
1	4	7	28
1	4	7	29
1	4	7	30
1	4	7	31
1	4	7	32
1	4	7	33
1	4	7	34
1	4	7	35
1	4	7	36
1	4	7	37
1	4	7	38
1	4	7	39
1	4	7	40
1	4	7	41
1	4	7	42
1	4	7	43
1	4	7	44
1	4	7	45
1	4	7	46
1	4	7	47
1	4	7	48
1	4	7	49
1	4	7	50
1	4	7	51
1	4	7	52
1	4	7	53
1	4	7	54
1	4	7	55
1	4	7	56
1	4	7	57
1	4	7	58
1	4	7	59
1	4	7	60
1	4	7	61
1	4	7	62
1	4	7	63
1	4	7	64
1	4	7	65
1	4	7	66
1	4	7	67
1	4	7	68
1	4	7	69
1	4	7	70
1	4	7	71
1	4	7	72
1	4	7	73
1	4	7	74
1	4	7	75
1	4	7	76
1	4	7	77
1	4	7	78
1	4	7	79
1	4	7	80
1	4	7	81
1	4	7	82
1	4	7	83
1	4	7	84
1	4	7	85
1	4	7	86
1	4	7	87
1	4	7	88
1	4	7	89
1	4	7	90
1	4	7	91
1	4	7	92
1	4	7	93
1	4	7	94
1	4	7	95
1	4	7	96
1	4	7	97
1	4	7	98
1	4	7	99
1	4	7	100
1	4	7	101
1	4	7	102
1	4	7	103
1	4	7	104
1	4	7	105
1	4	7	106
1	4	7	107
1	4	7	108
1	4	7	109
1	4	7	110
1	4	7	111
1	4	7	112
1	4	7	113
1	4	7	114
1	4	7	115
1	4	7	116
1	4	7	117
1	4	7	118
1	4	7	119
1	4	7	120
1	4	7	121
1	4	7	122
1	4	7	123
1	4	7	124
1	4	7	125
1	4	7	126
1	4	7	127
1	4	8	0
1	4	8	1
1	4	8	2
1	4	8	3
1	4	8	4
1	4	8	5
1	4	8	6
1	4	8	7
1	4	8	8
1	4	8	9
1	4	8	10
1	4	8	11
1	4	8	12
1	4	8	13
1	4	8	14
1	4	8	15
1	4	8	16
1	4	8	17
1	4	8	18
1	4	8	19
1	4	8	20
1	4	8	21
1	4	8	22
1	4	8	23
1	4	8	24
1	4	8	25
1	4	8	26
1	4	8	27
1	4	8	28
1	4	8	29
1	4	8	30
1	4	8	31
1	4	8	32
1	4	8	33
1	4	8	34
1	4	8	35
1	4	8	36
1	4	8	37
1	4	8	38
1	4	8	39
1	4	8	40
1	4	8	41
1	4	8	42
1	4	8	43
1	4	8	44
1	4	8	45
1	4	8	46
1	4	8	47
1	4	8	48
1	4	8	49
1	4	8	50
1	4	8	51
1	4	8	52
1	4	8	53
1	4	8	54
1	4	8	55
1	4	8	56
1	4	8	57
1	4	8	58
1	4	8	59
1	4	8	60
1	4	8	61
1	4	8	62
1	4	8	63
1	4	8	64
1	4	8	65
1	4	8	66
1	4	8	67
1	4	8	68
1	4	8	69
1	4	8	70
1	4	8	71
1	4	8	72
1	4	8	73
1	4	8	74
1	4	8	75
1	4	8	76
1	4	8	77
1	4	8	78
1	4	8	79
1	4	8	80
1	4	8	81
1	4	8	82
1	4	8	83
1	4	8	84
1	4	8	85
1	4	8	86
1	4	8	87
1	4	8	88
1	4	8	89
1	4	8	90
1	4	8	91
1	4	8	92
1	4	8	93
1	4	8	94
1	4	8	95
1	4	8	96
1	4	8	97
1	4	8	98
1	4	8	99
1	4	8	100
1	4	8	101
1	4	8	102
1	4	8	103
1	4	8	104
1	4	8	105
1	4	8	106
1	4	8	107
1	4	8	108
1	4	8	109
1	4	8	110
1	4	8	111
1	4	8	112
1	4	8	113
1	4	8	114
1	4	8	115
1	4	8	116
1	4	8	117
1	4	8	118
1	4	8	119
1	4	8	120
1	4	8	121
1	4	8	122
1	4	8	123
1	4	8	124
1	4	8	125
1	4	8	126
1	4	8	127
1	4	9	0
1	4	9	1
1	4	9	2
1	4	9	3
1	4	9	4
1	4	9	5
1	4	9	6
1	4	9	7
1	4	9	8
1	4	9	9
1	4	9	10
1	4	9	11
1	4	9	12
1	4	9	13
1	4	9	14
1	4	9	15
1	4	9	16
1	4	9	17
1	4	9	18
1	4	9	19
1	4	9	20
1	4	9	21
1	4	9	22
1	4	9	23
1	4	9	24
1	4	9	25
1	4	9	26
1	4	9	27
1	4	9	28
1	4	9	29
1	4	9	30
1	4	9	31
1	4	9	32
1	4	9	33
1	4	9	34
1	4	9	35
1	4	9	36
1	4	9	37
1	4	9	38
1	4	9	39
1	4	9	40
1	4	9	41
1	4	9	42
1	4	9	43
1	4	9	44
1	4	9	45
1	4	9	46
1	4	9	47
1	4	9	48
1	4	9	49
1	4	9	50
1	4	9	51
1	4	9	52
1	4	9	53
1	4	9	54
1	4	9	55
1	4	9	56
1	4	9	57
1	4	9	58
1	4	9	59
1	4	9	60
1	4	9	61
1	4	9	62
1	4	9	63
1	4	9	64
1	4	9	65
1	4	9	66
1	4	9	67
1	4	9	68
1	4	9	69
1	4	9	70
1	4	9	71
1	4	9	72
1	4	9	73
1	4	9	74
1	4	9	75
1	4	9	76
1	4	9	77
1	4	9	78
1	4	9	79
1	4	9	80
1	4	9	81
1	4	9	82
1	4	9	83
1	4	9	84
1	4	9	85
1	4	9	86
1	4	9	87
1	4	9	88
1	4	9	89
1	4	9	90
1	4	9	91
1	4	9	92
1	4	9	93
1	4	9	94
1	4	9	95
1	4	9	96
1	4	9	97
1	4	9	98
1	4	9	99
1	4	9	100
1	4	9	101
1	4	9	102
1	4	9	103
1	4	9	104
1	4	9	105
1	4	9	106
1	4	9	107
1	4	9	108
1	4	9	109
1	4	9	110
1	4	9	111
1	4	9	112
1	4	9	113
1	4	9	114
1	4	9	115
1	4	9	116
1	4	9	117
1	4	9	118
1	4	9	119
1	4	9	120
1	4	9	121
1	4	9	122
1	4	9	123
1	4	9	124
1	4	9	125
1	4	9	126
1	4	9	127
1	4	10	0
1	4	10	1
1	4	10	2
1	4	10	3
1	4	10	4
1	4	10	5
1	4	10	6
1	4	10	7
1	4	10	8
1	4	10	9
1	4	10	10
1	4	10	11
1	4	10	12
1	4	10	13
1	4	10	14
1	4	10	15
1	4	10	16
1	4	10	17
1	4	10	18
1	4	10	19
1	4	10	20
1	4	10	21
1	4	10	22
1	4	10	23
1	4	10	24
1	4	10	25
1	4	10	26
1	4	10	27
1	4	10	28
1	4	10	29
1	4	10	30
1	4	10	31
1	4	10	32
1	4	10	33
1	4	10	34
1	4	10	35
1	4	10	36
1	4	10	37
1	4	10	38
1	4	10	39
1	4	10	40
1	4	10	41
1	4	10	42
1	4	10	43
1	4	10	44
1	4	10	45
1	4	10	46
1	4	10	47
1	4	10	48
1	4	10	49
1	4	10	50
1	4	10	51
1	4	10	52
1	4	10	53
1	4	10	54
1	4	10	55
1	4	10	56
1	4	10	57
1	4	10	58
1	4	10	59
1	4	10	60
1	4	10	61
1	4	10	62
1	4	10	63
1	4	10	64
1	4	10	65
1	4	10	66
1	4	10	67
1	4	10	68
1	4	10	69
1	4	10	70
1	4	10	71
1	4	10	72
1	4	10	73
1	4	10	74
1	4	10	75
1	4	10	76
1	4	10	77
1	4	10	78
1	4	10	79
1	4	10	80
1	4	10	81
1	4	10	82
1	4	10	83
1	4	10	84
1	4	10	85
1	4	10	86
1	4	10	87
1	4	10	88
1	4	10	89
1	4	10	90
1	4	10	91
1	4	10	92
1	4	10	93
1	4	10	94
1	4	10	95
1	4	10	96
1	4	10	97
1	4	10	98
1	4	10	99
1	4	10	100
1	4	10	101
1	4	10	102
1	4	10	103
1	4	10	104
1	4	10	105
1	4	10	106
1	4	10	107
1	4	10	108
1	4	10	109
1	4	10	110
1	4	10	111
1	4	10	112
1	4	10	113
1	4	10	114
1	4	10	115
1	4	10	116
1	4	10	117
1	4	10	118
1	4	10	119
1	4	10	120
1	4	10	121
1	4	10	122
1	4	10	123
1	4	10	124
1	4	10	125
1	4	10	126
1	4	10	127
1	4	11	0
1	4	11	1
1	4	11	2
1	4	11	3
1	4	11	4
1	4	11	5
1	4	11	6
1	4	11	7
1	4	11	8
1	4	11	9
1	4	11	10
1	4	11	11
1	4	11	12
1	4	11	13
1	4	11	14
1	4	11	15
1	4	11	16
1	4	11	17
1	4	11	18
1	4	11	19
1	4	11	20
1	4	11	21
1	4	11	22
1	4	11	23
1	4	11	24
1	4	11	25
1	4	11	26
1	4	11	27
1	4	11	28
1	4	11	29
1	4	11	30
1	4	11	31
1	4	11	32
1	4	11	33
1	4	11	34
1	4	11	35
1	4	11	36
1	4	11	37
1	4	11	38
1	4	11	39
1	4	11	40
1	4	11	41
1	4	11	42
1	4	11	43
1	4	11	44
1	4	11	45
1	4	11	46
1	4	11	47
1	4	11	48
1	4	11	49
1	4	11	50
1	4	11	51
1	4	11	52
1	4	11	53
1	4	11	54
1	4	11	55
1	4	11	56
1	4	11	57
1	4	11	58
1	4	11	59
1	4	11	60
1	4	11	61
1	4	11	62
1	4	11	63
1	4	11	64
1	4	11	65
1	4	11	66
1	4	11	67
1	4	11	68
1	4	11	69
1	4	11	70
1	4	11	71
1	4	11	72
1	4	11	73
1	4	11	74
1	4	11	75
1	4	11	76
1	4	11	77
1	4	11	78
1	4	11	79
1	4	11	80
1	4	11	81
1	4	11	82
1	4	11	83
1	4	11	84
1	4	11	85
1	4	11	86
1	4	11	87
1	4	11	88
1	4	11	89
1	4	11	90
1	4	11	91
1	4	11	92
1	4	11	93
1	4	11	94
1	4	11	95
1	4	11	96
1	4	11	97
1	4	11	98
1	4	11	99
1	4	11	100
1	4	11	101
1	4	11	102
1	4	11	103
1	4	11	104
1	4	11	105
1	4	11	106
1	4	11	107
1	4	11	108
1	4	11	109
1	4	11	110
1	4	11	111
1	4	11	112
1	4	11	113
1	4	11	114
1	4	11	115
1	4	11	116
1	4	11	117
1	4	11	118
1	4	11	119
1	4	11	120
1	4	11	121
1	4	11	122
1	4	11	123
1	4	11	124
1	4	11	125
1	4	11	126
1	4	11	127
1	4	12	0
1	4	12	1
1	4	12	2
1	4	12	3
1	4	12	4
1	4	12	5
1	4	12	6
1	4	12	7
1	4	12	8
1	4	12	9
1	4	12	10
1	4	12	11
1	4	12	12
1	4	12	13
1	4	12	14
1	4	12	15
1	4	12	16
1	4	12	17
1	4	12	18
1	4	12	19
1	4	12	20
1	4	12	21
1	4	12	22
1	4	12	23
1	4	12	24
1	4	12	25
1	4	12	26
1	4	12	27
1	4	12	28
1	4	12	29
1	4	12	30
1	4	12	31
1	4	12	32
1	4	12	33
1	4	12	34
1	4	12	35
1	4	12	36
1	4	12	37
1	4	12	38
1	4	12	39
1	4	12	40
1	4	12	41
1	4	12	42
1	4	12	43
1	4	12	44
1	4	12	45
1	4	12	46
1	4	12	47
1	4	12	48
1	4	12	49
1	4	12	50
1	4	12	51
1	4	12	52
1	4	12	53
1	4	12	54
1	4	12	55
1	4	12	56
1	4	12	57
1	4	12	58
1	4	12	59
1	4	12	60
1	4	12	61
1	4	12	62
1	4	12	63
1	4	12	64
1	4	12	65
1	4	12	66
1	4	12	67
1	4	12	68
1	4	12	69
1	4	12	70
1	4	12	71
1	4	12	72
1	4	12	73
1	4	12	74
1	4	12	75
1	4	12	76
1	4	12	77
1	4	12	78
1	4	12	79
1	4	12	80
1	4	12	81
1	4	12	82
1	4	12	83
1	4	12	84
1	4	12	85
1	4	12	86
1	4	12	87
1	4	12	88
1	4	12	89
1	4	12	90
1	4	12	91
1	4	12	92
1	4	12	93
1	4	12	94
1	4	12	95
1	4	12	96
1	4	12	97
1	4	12	98
1	4	12	99
1	4	12	100
1	4	12	101
1	4	12	102
1	4	12	103
1	4	12	104
1	4	12	105
1	4	12	106
1	4	12	107
1	4	12	108
1	4	12	109
1	4	12	110
1	4	12	111
1	4	12	112
1	4	12	113
1	4	12	114
1	4	12	115
1	4	12	116
1	4	12	117
1	4	12	118
1	4	12	119
1	4	12	120
1	4	12	121
1	4	12	122
1	4	12	123
1	4	12	124
1	4	12	125
1	4	12	126
1	4	12	127
1	4	13	0
1	4	13	1
1	4	13	2
1	4	13	3
1	4	13	4
1	4	13	5
1	4	13	6
1	4	13	7
1	4	13	8
1	4	13	9
1	4	13	10
1	4	13	11
1	4	13	12
1	4	13	13
1	4	13	14
1	4	13	15
1	4	13	16
1	4	13	17
1	4	13	18
1	4	13	19
1	4	13	20
1	4	13	21
1	4	13	22
1	4	13	23
1	4	13	24
1	4	13	25
1	4	13	26
1	4	13	27
1	4	13	28
1	4	13	29
1	4	13	30
1	4	13	31
1	4	13	32
1	4	13	33
1	4	13	34
1	4	13	35
1	4	13	36
1	4	13	37
1	4	13	38
1	4	13	39
1	4	13	40
1	4	13	41
1	4	13	42
1	4	13	43
1	4	13	44
1	4	13	45
1	4	13	46
1	4	13	47
1	4	13	48
1	4	13	49
1	4	13	50
1	4	13	51
1	4	13	52
1	4	13	53
1	4	13	54
1	4	13	55
1	4	13	56
1	4	13	57
1	4	13	58
1	4	13	59
1	4	13	60
1	4	13	61
1	4	13	62
1	4	13	63
1	4	13	64
1	4	13	65
1	4	13	66
1	4	13	67
1	4	13	68
1	4	13	69
1	4	13	70
1	4	13	71
1	4	13	72
1	4	13	73
1	4	13	74
1	4	13	75
1	4	13	76
1	4	13	77
1	4	13	78
1	4	13	79
1	4	13	80
1	4	13	81
1	4	13	82
1	4	13	83
1	4	13	84
1	4	13	85
1	4	13	86
1	4	13	87
1	4	13	88
1	4	13	89
1	4	13	90
1	4	13	91
1	4	13	92
1	4	13	93
1	4	13	94
1	4	13	95
1	4	13	96
1	4	13	97
1	4	13	98
1	4	13	99
1	4	13	100
1	4	13	101
1	4	13	102
1	4	13	103
1	4	13	104
1	4	13	105
1	4	13	106
1	4	13	107
1	4	13	108
1	4	13	109
1	4	13	110
1	4	13	111
1	4	13	112
1	4	13	113
1	4	13	114
1	4	13	115
1	4	13	116
1	4	13	117
1	4	13	118
1	4	13	119
1	4	13	120
1	4	13	121
1	4	13	122
1	4	13	123
1	4	13	124
1	4	13	125
1	4	13	126
1	4	13	127
1	4	14	0
1	4	14	1
1	4	14	2
1	4	14	3
1	4	14	4
1	4	14	5
1	4	14	6
1	4	14	7
1	4	14	8
1	4	14	9
1	4	14	10
1	4	14	11
1	4	14	12
1	4	14	13
1	4	14	14
1	4	14	15
1	4	14	16
1	4	14	17
1	4	14	18
1	4	14	19
1	4	14	20
1	4	14	21
1	4	14	22
1	4	14	23
1	4	14	24
1	4	14	25
1	4	14	26
1	4	14	27
1	4	14	28
1	4	14	29
1	4	14	30
1	4	14	31
1	4	14	32
1	4	14	33
1	4	14	34
1	4	14	35
1	4	14	36
1	4	14	37
1	4	14	38
1	4	14	39
1	4	14	40
1	4	14	41
1	4	14	42
1	4	14	43
1	4	14	44
1	4	14	45
1	4	14	46
1	4	14	47
1	4	14	48
1	4	14	49
1	4	14	50
1	4	14	51
1	4	14	52
1	4	14	53
1	4	14	54
1	4	14	55
1	4	14	56
1	4	14	57
1	4	14	58
1	4	14	59
1	4	14	60
1	4	14	61
1	4	14	62
1	4	14	63
1	4	14	64
1	4	14	65
1	4	14	66
1	4	14	67
1	4	14	68
1	4	14	69
1	4	14	70
1	4	14	71
1	4	14	72
1	4	14	73
1	4	14	74
1	4	14	75
1	4	14	76
1	4	14	77
1	4	14	78
1	4	14	79
1	4	14	80
1	4	14	81
1	4	14	82
1	4	14	83
1	4	14	84
1	4	14	85
1	4	14	86
1	4	14	87
1	4	14	88
1	4	14	89
1	4	14	90
1	4	14	91
1	4	14	92
1	4	14	93
1	4	14	94
1	4	14	95
1	4	14	96
1	4	14	97
1	4	14	98
1	4	14	99
1	4	14	100
1	4	14	101
1	4	14	102
1	4	14	103
1	4	14	104
1	4	14	105
1	4	14	106
1	4	14	107
1	4	14	108
1	4	14	109
1	4	14	110
1	4	14	111
1	4	14	112
1	4	14	113
1	4	14	114
1	4	14	115
1	4	14	116
1	4	14	117
1	4	14	118
1	4	14	119
1	4	14	120
1	4	14	121
1	4	14	122
1	4	14	123
1	4	14	124
1	4	14	125
1	4	14	126
1	4	14	127
1	4	15	0
1	4	15	1
1	4	15	2
1	4	15	3
1	4	15	4
1	4	15	5
1	4	15	6
1	4	15	7
1	4	15	8
1	4	15	9
1	4	15	10
1	4	15	11
1	4	15	12
1	4	15	13
1	4	15	14
1	4	15	15
1	4	15	16
1	4	15	17
1	4	15	18
1	4	15	19
1	4	15	20
1	4	15	21
1	4	15	22
1	4	15	23
1	4	15	24
1	4	15	25
1	4	15	26
1	4	15	27
1	4	15	28
1	4	15	29
1	4	15	30
1	4	15	31
1	4	15	32
1	4	15	33
1	4	15	34
1	4	15	35
1	4	15	36
1	4	15	37
1	4	15	38
1	4	15	39
1	4	15	40
1	4	15	41
1	4	15	42
1	4	15	43
1	4	15	44
1	4	15	45
1	4	15	46
1	4	15	47
1	4	15	48
1	4	15	49
1	4	15	50
1	4	15	51
1	4	15	52
1	4	15	53
1	4	15	54
1	4	15	55
1	4	15	56
1	4	15	57
1	4	15	58
1	4	15	59
1	4	15	60
1	4	15	61
1	4	15	62
1	4	15	63
1	4	15	64
1	4	15	65
1	4	15	66
1	4	15	67
1	4	15	68
1	4	15	69
1	4	15	70
1	4	15	71
1	4	15	72
1	4	15	73
1	4	15	74
1	4	15	75
1	4	15	76
1	4	15	77
1	4	15	78
1	4	15	79
1	4	15	80
1	4	15	81
1	4	15	82
1	4	15	83
1	4	15	84
1	4	15	85
1	4	15	86
1	4	15	87
1	4	15	88
1	4	15	89
1	4	15	90
1	4	15	91
1	4	15	92
1	4	15	93
1	4	15	94
1	4	15	95
1	4	15	96
1	4	15	97
1	4	15	98
1	4	15	99
1	4	15	100
1	4	15	101
1	4	15	102
1	4	15	103
1	4	15	104
1	4	15	105
1	4	15	106
1	4	15	107
1	4	15	108
1	4	15	109
1	4	15	110
1	4	15	111
1	4	15	112
1	4	15	113
1	4	15	114
1	4	15	115
1	4	15	116
1	4	15	117
1	4	15	118
1	4	15	119
1	4	15	120
1	4	15	121
1	4	15	122
1	4	15	123
1	4	15	124
1	4	15	125
1	4	15	126
1	4	15	127
1	4	16	0
1	4	16	1
1	4	16	2
1	4	16	3
1	4	16	4
1	4	16	5
1	4	16	6
1	4	16	7
1	4	16	8
1	4	16	9
1	4	16	10
1	4	16	11
1	4	16	12
1	4	16	13
1	4	16	14
1	4	16	15
1	4	16	16
1	4	16	17
1	4	16	18
1	4	16	19
1	4	16	20
1	4	16	21
1	4	16	22
1	4	16	23
1	4	16	24
1	4	16	25
1	4	16	26
1	4	16	27
1	4	16	28
1	4	16	29
1	4	16	30
1	4	16	31
1	4	16	32
1	4	16	33
1	4	16	34
1	4	16	35
1	4	16	36
1	4	16	37
1	4	16	38
1	4	16	39
1	4	16	40
1	4	16	41
1	4	16	42
1	4	16	43
1	4	16	44
1	4	16	45
1	4	16	46
1	4	16	47
1	4	16	48
1	4	16	49
1	4	16	50
1	4	16	51
1	4	16	52
1	4	16	53
1	4	16	54
1	4	16	55
1	4	16	56
1	4	16	57
1	4	16	58
1	4	16	59
1	4	16	60
1	4	16	61
1	4	16	62
1	4	16	63
1	4	16	64
1	4	16	65
1	4	16	66
1	4	16	67
1	4	16	68
1	4	16	69
1	4	16	70
1	4	16	71
1	4	16	72
1	4	16	73
1	4	16	74
1	4	16	75
1	4	16	76
1	4	16	77
1	4	16	78
1	4	16	79
1	4	16	80
1	4	16	81
1	4	16	82
1	4	16	83
1	4	16	84
1	4	16	85
1	4	16	86
1	4	16	87
1	4	16	88
1	4	16	89
1	4	16	90
1	4	16	91
1	4	16	92
1	4	16	93
1	4	16	94
1	4	16	95
1	4	16	96
1	4	16	97
1	4	16	98
1	4	16	99
1	4	16	100
1	4	16	101
1	4	16	102
1	4	16	103
1	4	16	104
1	4	16	105
1	4	16	106
1	4	16	107
1	4	16	108
1	4	16	109
1	4	16	110
1	4	16	111
1	4	16	112
1	4	16	113
1	4	16	114
1	4	16	115
1	4	16	116
1	4	16	117
1	4	16	118
1	4	16	119
1	4	16	120
1	4	16	121
1	4	16	122
1	4	16	123
1	4	16	124
1	4	16	125
1	4	16	126
1	4	16	127
1	4	17	0
1	4	17	1
1	4	17	2
1	4	17	3
1	4	17	4
1	4	17	5
1	4	17	6
1	4	17	7
1	4	17	8
1	4	17	9
1	4	17	10
1	4	17	11
1	4	17	12
1	4	17	13
1	4	17	14
1	4	17	15
1	4	17	16
1	4	17	17
1	4	17	18
1	4	17	19
1	4	17	20
1	4	17	21
1	4	17	22
1	4	17	23
1	4	17	24
1	4	17	25
1	4	17	26
1	4	17	27
1	4	17	28
1	4	17	29
1	4	17	30
1	4	17	31
1	4	17	32
1	4	17	33
1	4	17	34
1	4	17	35
1	4	17	36
1	4	17	37
1	4	17	38
1	4	17	39
1	4	17	40
1	4	17	41
1	4	17	42
1	4	17	43
1	4	17	44
1	4	17	45
1	4	17	46
1	4	17	47
1	4	17	48
1	4	17	49
1	4	17	50
1	4	17	51
1	4	17	52
1	4	17	53
1	4	17	54
1	4	17	55
1	4	17	56
1	4	17	57
1	4	17	58
1	4	17	59
1	4	17	60
1	4	17	61
1	4	17	62
1	4	17	63
1	4	17	64
1	4	17	65
1	4	17	66
1	4	17	67
1	4	17	68
1	4	17	69
1	4	17	70
1	4	17	71
1	4	17	72
1	4	17	73
1	4	17	74
1	4	17	75
1	4	17	76
1	4	17	77
1	4	17	78
1	4	17	79
1	4	17	80
1	4	17	81
1	4	17	82
1	4	17	83
1	4	17	84
1	4	17	85
1	4	17	86
1	4	17	87
1	4	17	88
1	4	17	89
1	4	17	90
1	4	17	91
1	4	17	92
1	4	17	93
1	4	17	94
1	4	17	95
1	4	17	96
1	4	17	97
1	4	17	98
1	4	17	99
1	4	17	100
1	4	17	101
1	4	17	102
1	4	17	103
1	4	17	104
1	4	17	105
1	4	17	106
1	4	17	107
1	4	17	108
1	4	17	109
1	4	17	110
1	4	17	111
1	4	17	112
1	4	17	113
1	4	17	114
1	4	17	115
1	4	17	116
1	4	17	117
1	4	17	118
1	4	17	119
1	4	17	120
1	4	17	121
1	4	17	122
1	4	17	123
1	4	17	124
1	4	17	125
1	4	17	126
1	4	17	127
1	4	18	0
1	4	18	1
1	4	18	2
1	4	18	3
1	4	18	4
1	4	18	5
1	4	18	6
1	4	18	7
1	4	18	8
1	4	18	9
1	4	18	10
1	4	18	11
1	4	18	12
1	4	18	13
1	4	18	14
1	4	18	15
1	4	18	16
1	4	18	17
1	4	18	18
1	4	18	19
1	4	18	20
1	4	18	21
1	4	18	22
1	4	18	23
1	4	18	24
1	4	18	25
1	4	18	26
1	4	18	27
1	4	18	28
1	4	18	29
1	4	18	30
1	4	18	31
1	4	18	32
1	4	18	33
1	4	18	34
1	4	18	35
1	4	18	36
1	4	18	37
1	4	18	38
1	4	18	39
1	4	18	40
1	4	18	41
1	4	18	42
1	4	18	43
1	4	18	44
1	4	18	45
1	4	18	46
1	4	18	47
1	4	18	48
1	4	18	49
1	4	18	50
1	4	18	51
1	4	18	52
1	4	18	53
1	4	18	54
1	4	18	55
1	4	18	56
1	4	18	57
1	4	18	58
1	4	18	59
1	4	18	60
1	4	18	61
1	4	18	62
1	4	18	63
1	4	18	64
1	4	18	65
1	4	18	66
1	4	18	67
1	4	18	68
1	4	18	69
1	4	18	70
1	4	18	71
1	4	18	72
1	4	18	73
1	4	18	74
1	4	18	75
1	4	18	76
1	4	18	77
1	4	18	78
1	4	18	79
1	4	18	80
1	4	18	81
1	4	18	82
1	4	18	83
1	4	18	84
1	4	18	85
1	4	18	86
1	4	18	87
1	4	18	88
1	4	18	89
1	4	18	90
1	4	18	91
1	4	18	92
1	4	18	93
1	4	18	94
1	4	18	95
1	4	18	96
1	4	18	97
1	4	18	98
1	4	18	99
1	4	18	100
1	4	18	101
1	4	18	102
1	4	18	103
1	4	18	104
1	4	18	105
1	4	18	106
1	4	18	107
1	4	18	108
1	4	18	109
1	4	18	110
1	4	18	111
1	4	18	112
1	4	18	113
1	4	18	114
1	4	18	115
1	4	18	116
1	4	18	117
1	4	18	118
1	4	18	119
1	4	18	120
1	4	18	121
1	4	18	122
1	4	18	123
1	4	18	124
1	4	18	125
1	4	18	126
1	4	18	127
1	4	19	0
1	4	19	1
1	4	19	2
1	4	19	3
1	4	19	4
1	4	19	5
1	4	19	6
1	4	19	7
1	4	19	8
1	4	19	9
1	4	19	10
1	4	19	11
1	4	19	12
1	4	19	13
1	4	19	14
1	4	19	15
1	4	19	16
1	4	19	17
1	4	19	18
1	4	19	19
1	4	19	20
1	4	19	21
1	4	19	22
1	4	19	23
1	4	19	24
1	4	19	25
1	4	19	26
1	4	19	27
1	4	19	28
1	4	19	29
1	4	19	30
1	4	19	31
1	4	19	32
1	4	19	33
1	4	19	34
1	4	19	35
1	4	19	36
1	4	19	37
1	4	19	38
1	4	19	39
1	4	19	40
1	4	19	41
1	4	19	42
1	4	19	43
1	4	19	44
1	4	19	45
1	4	19	46
1	4	19	47
1	4	19	48
1	4	19	49
1	4	19	50
1	4	19	51
1	4	19	52
1	4	19	53
1	4	19	54
1	4	19	55
1	4	19	56
1	4	19	57
1	4	19	58
1	4	19	59
1	4	19	60
1	4	19	61
1	4	19	62
1	4	19	63
1	4	19	64
1	4	19	65
1	4	19	66
1	4	19	67
1	4	19	68
1	4	19	69
1	4	19	70
1	4	19	71
1	4	19	72
1	4	19	73
1	4	19	74
1	4	19	75
1	4	19	76
1	4	19	77
1	4	19	78
1	4	19	79
1	4	19	80
1	4	19	81
1	4	19	82
1	4	19	83
1	4	19	84
1	4	19	85
1	4	19	86
1	4	19	87
1	4	19	88
1	4	19	89
1	4	19	90
1	4	19	91
1	4	19	92
1	4	19	93
1	4	19	94
1	4	19	95
1	4	19	96
1	4	19	97
1	4	19	98
1	4	19	99
1	4	19	100
1	4	19	101
1	4	19	102
1	4	19	103
1	4	19	104
1	4	19	105
1	4	19	106
1	4	19	107
1	4	19	108
1	4	19	109
1	4	19	110
1	4	19	111
1	4	19	112
1	4	19	113
1	4	19	114
1	4	19	115
1	4	19	116
1	4	19	117
1	4	19	118
1	4	19	119
1	4	19	120
1	4	19	121
1	4	19	122
1	4	19	123
1	4	19	124
1	4	19	125
1	4	19	126
1	4	19	127
1	4	20	0
1	4	20	1
1	4	20	2
1	4	20	3
1	4	20	4
1	4	20	5
1	4	20	6
1	4	20	7
1	4	20	8
1	4	20	9
1	4	20	10
1	4	20	11
1	4	20	12
1	4	20	13
1	4	20	14
1	4	20	15
1	4	20	16
1	4	20	17
1	4	20	18
1	4	20	19
1	4	20	20
1	4	20	21
1	4	20	22
1	4	20	23
1	4	20	24
1	4	20	25
1	4	20	26
1	4	20	27
1	4	20	28
1	4	20	29
1	4	20	30
1	4	20	31
1	4	20	32
1	4	20	33
1	4	20	34
1	4	20	35
1	4	20	36
1	4	20	37
1	4	20	38
1	4	20	39
1	4	20	40
1	4	20	41
1	4	20	42
1	4	20	43
1	4	20	44
1	4	20	45
1	4	20	46
1	4	20	47
1	4	20	48
1	4	20	49
1	4	20	50
1	4	20	51
1	4	20	52
1	4	20	53
1	4	20	54
1	4	20	55
1	4	20	56
1	4	20	57
1	4	20	58
1	4	20	59
1	4	20	60
1	4	20	61
1	4	20	62
1	4	20	63
1	4	20	64
1	4	20	65
1	4	20	66
1	4	20	67
1	4	20	68
1	4	20	69
1	4	20	70
1	4	20	71
1	4	20	72
1	4	20	73
1	4	20	74
1	4	20	75
1	4	20	76
1	4	20	77
1	4	20	78
1	4	20	79
1	4	20	80
1	4	20	81
1	4	20	82
1	4	20	83
1	4	20	84
1	4	20	85
1	4	20	86
1	4	20	87
1	4	20	88
1	4	20	89
1	4	20	90
1	4	20	91
1	4	20	92
1	4	20	93
1	4	20	94
1	4	20	95
1	4	20	96
1	4	20	97
1	4	20	98
1	4	20	99
1	4	20	100
1	4	20	101
1	4	20	102
1	4	20	103
1	4	20	104
1	4	20	105
1	4	20	106
1	4	20	107
1	4	20	108
1	4	20	109
1	4	20	110
1	4	20	111
1	4	20	112
1	4	20	113
1	4	20	114
1	4	20	115
1	4	20	116
1	4	20	117
1	4	20	118
1	4	20	119
1	4	20	120
1	4	20	121
1	4	20	122
1	4	20	123
1	4	20	124
1	4	20	125
1	4	20	126
1	4	20	127
1	4	21	0
1	4	21	1
1	4	21	2
1	4	21	3
1	4	21	4
1	4	21	5
1	4	21	6
1	4	21	7
1	4	21	8
1	4	21	9
1	4	21	10
1	4	21	11
1	4	21	12
1	4	21	13
1	4	21	14
1	4	21	15
1	4	21	16
1	4	21	17
1	4	21	18
1	4	21	19
1	4	21	20
1	4	21	21
1	4	21	22
1	4	21	23
1	4	21	24
1	4	21	25
1	4	21	26
1	4	21	27
1	4	21	28
1	4	21	29
1	4	21	30
1	4	21	31
1	4	21	32
1	4	21	33
1	4	21	34
1	4	21	35
1	4	21	36
1	4	21	37
1	4	21	38
1	4	21	39
1	4	21	40
1	4	21	41
1	4	21	42
1	4	21	43
1	4	21	44
1	4	21	45
1	4	21	46
1	4	21	47
1	4	21	48
1	4	21	49
1	4	21	50
1	4	21	51
1	4	21	52
1	4	21	53
1	4	21	54
1	4	21	55
1	4	21	56
1	4	21	57
1	4	21	58
1	4	21	59
1	4	21	60
1	4	21	61
1	4	21	62
1	4	21	63
1	4	21	64
1	4	21	65
1	4	21	66
1	4	21	67
1	4	21	68
1	4	21	69
1	4	21	70
1	4	21	71
1	4	21	72
1	4	21	73
1	4	21	74
1	4	21	75
1	4	21	76
1	4	21	77
1	4	21	78
1	4	21	79
1	4	21	80
1	4	21	81
1	4	21	82
1	4	21	83
1	4	21	84
1	4	21	85
1	4	21	86
1	4	21	87
1	4	21	88
1	4	21	89
1	4	21	90
1	4	21	91
1	4	21	92
1	4	21	93
1	4	21	94
1	4	21	95
1	4	21	96
1	4	21	97
1	4	21	98
1	4	21	99
1	4	21	100
1	4	21	101
1	4	21	102
1	4	21	103
1	4	21	104
1	4	21	105
1	4	21	106
1	4	21	107
1	4	21	108
1	4	21	109
1	4	21	110
1	4	21	111
1	4	21	112
1	4	21	113
1	4	21	114
1	4	21	115
1	4	21	116
1	4	21	117
1	4	21	118
1	4	21	119
1	4	21	120
1	4	21	121
1	4	21	122
1	4	21	123
1	4	21	124
1	4	21	125
1	4	21	126
1	4	21	127
1	4	22	0
1	4	22	1
1	4	22	2
1	4	22	3
1	4	22	4
1	4	22	5
1	4	22	6
1	4	22	7
1	4	22	8
1	4	22	9
1	4	22	10
1	4	22	11
1	4	22	12
1	4	22	13
1	4	22	14
1	4	22	15
1	4	22	16
1	4	22	17
1	4	22	18
1	4	22	19
1	4	22	20
1	4	22	21
1	4	22	22
1	4	22	23
1	4	22	24
1	4	22	25
1	4	22	26
1	4	22	27
1	4	22	28
1	4	22	29
1	4	22	30
1	4	22	31
1	4	22	32
1	4	22	33
1	4	22	34
1	4	22	35
1	4	22	36
1	4	22	37
1	4	22	38
1	4	22	39
1	4	22	40
1	4	22	41
1	4	22	42
1	4	22	43
1	4	22	44
1	4	22	45
1	4	22	46
1	4	22	47
1	4	22	48
1	4	22	49
1	4	22	50
1	4	22	51
1	4	22	52
1	4	22	53
1	4	22	54
1	4	22	55
1	4	22	56
1	4	22	57
1	4	22	58
1	4	22	59
1	4	22	60
1	4	22	61
1	4	22	62
1	4	22	63
1	4	22	64
1	4	22	65
1	4	22	66
1	4	22	67
1	4	22	68
1	4	22	69
1	4	22	70
1	4	22	71
1	4	22	72
1	4	22	73
1	4	22	74
1	4	22	75
1	4	22	76
1	4	22	77
1	4	22	78
1	4	22	79
1	4	22	80
1	4	22	81
1	4	22	82
1	4	22	83
1	4	22	84
1	4	22	85
1	4	22	86
1	4	22	87
1	4	22	88
1	4	22	89
1	4	22	90
1	4	22	91
1	4	22	92
1	4	22	93
1	4	22	94
1	4	22	95
1	4	22	96
1	4	22	97
1	4	22	98
1	4	22	99
1	4	22	100
1	4	22	101
1	4	22	102
1	4	22	103
1	4	22	104
1	4	22	105
1	4	22	106
1	4	22	107
1	4	22	108
1	4	22	109
1	4	22	110
1	4	22	111
1	4	22	112
1	4	22	113
1	4	22	114
1	4	22	115
1	4	22	116
1	4	22	117
1	4	22	118
1	4	22	119
1	4	22	120
1	4	22	121
1	4	22	122
1	4	22	123
1	4	22	124
1	4	22	125
1	4	22	126
1	4	22	127
1	4	23	0
1	4	23	1
1	4	23	2
1	4	23	3
1	4	23	4
1	4	23	5
1	4	23	6
1	4	23	7
1	4	23	8
1	4	23	9
1	4	23	10
1	4	23	11
1	4	23	12
1	4	23	13
1	4	23	14
1	4	23	15
1	4	23	16
1	4	23	17
1	4	23	18
1	4	23	19
1	4	23	20
1	4	23	21
1	4	23	22
1	4	23	23
1	4	23	24
1	4	23	25
1	4	23	26
1	4	23	27
1	4	23	28
1	4	23	29
1	4	23	30
1	4	23	31
1	4	23	32
1	4	23	33
1	4	23	34
1	4	23	35
1	4	23	36
1	4	23	37
1	4	23	38
1	4	23	39
1	4	23	40
1	4	23	41
1	4	23	42
1	4	23	43
1	4	23	44
1	4	23	45
1	4	23	46
1	4	23	47
1	4	23	48
1	4	23	49
1	4	23	50
1	4	23	51
1	4	23	52
1	4	23	53
1	4	23	54
1	4	23	55
1	4	23	56
1	4	23	57
1	4	23	58
1	4	23	59
1	4	23	60
1	4	23	61
1	4	23	62
1	4	23	63
1	4	23	64
1	4	23	65
1	4	23	66
1	4	23	67
1	4	23	68
1	4	23	69
1	4	23	70
1	4	23	71
1	4	23	72
1	4	23	73
1	4	23	74
1	4	23	75
1	4	23	76
1	4	23	77
1	4	23	78
1	4	23	79
1	4	23	80
1	4	23	81
1	4	23	82
1	4	23	83
1	4	23	84
1	4	23	85
1	4	23	86
1	4	23	87
1	4	23	88
1	4	23	89
1	4	23	90
1	4	23	91
1	4	23	92
1	4	23	93
1	4	23	94
1	4	23	95
1	4	23	96
1	4	23	97
1	4	23	98
1	4	23	99
1	4	23	100
1	4	23	101
1	4	23	102
1	4	23	103
1	4	23	104
1	4	23	105
1	4	23	106
1	4	23	107
1	4	23	108
1	4	23	109
1	4	23	110
1	4	23	111
1	4	23	112
1	4	23	113
1	4	23	114
1	4	23	115
1	4	23	116
1	4	23	117
1	4	23	118
1	4	23	119
1	4	23	120
1	4	23	121
1	4	23	122
1	4	23	123
1	4	23	124
1	4	23	125
1	4	23	126
1	4	23	127
1	4	24	0
1	4	24	1
1	4	24	2
1	4	24	3
1	4	24	4
1	4	24	5
1	4	24	6
1	4	24	7
1	4	24	8
1	4	24	9
1	4	24	10
1	4	24	11
1	4	24	12
1	4	24	13
1	4	24	14
1	4	24	15
1	4	24	16
1	4	24	17
1	4	24	18
1	4	24	19
1	4	24	20
1	4	24	21
1	4	24	22
1	4	24	23
1	4	24	24
1	4	24	25
1	4	24	26
1	4	24	27
1	4	24	28
1	4	24	29
1	4	24	30
1	4	24	31
1	4	24	32
1	4	24	33
1	4	24	34
1	4	24	35
1	4	24	36
1	4	24	37
1	4	24	38
1	4	24	39
1	4	24	40
1	4	24	41
1	4	24	42
1	4	24	43
1	4	24	44
1	4	24	45
1	4	24	46
1	4	24	47
1	4	24	48
1	4	24	49
1	4	24	50
1	4	24	51
1	4	24	52
1	4	24	53
1	4	24	54
1	4	24	55
1	4	24	56
1	4	24	57
1	4	24	58
1	4	24	59
1	4	24	60
1	4	24	61
1	4	24	62
1	4	24	63
1	4	24	64
1	4	24	65
1	4	24	66
1	4	24	67
1	4	24	68
1	4	24	69
1	4	24	70
1	4	24	71
1	4	24	72
1	4	24	73
1	4	24	74
1	4	24	75
1	4	24	76
1	4	24	77
1	4	24	78
1	4	24	79
1	4	24	80
1	4	24	81
1	4	24	82
1	4	24	83
1	4	24	84
1	4	24	85
1	4	24	86
1	4	24	87
1	4	24	88
1	4	24	89
1	4	24	90
1	4	24	91
1	4	24	92
1	4	24	93
1	4	24	94
1	4	24	95
1	4	24	96
1	4	24	97
1	4	24	98
1	4	24	99
1	4	24	100
1	4	24	101
1	4	24	102
1	4	24	103
1	4	24	104
1	4	24	105
1	4	24	106
1	4	24	107
1	4	24	108
1	4	24	109
1	4	24	110
1	4	24	111
1	4	24	112
1	4	24	113
1	4	24	114
1	4	24	115
1	4	24	116
1	4	24	117
1	4	24	118
1	4	24	119
1	4	24	120
1	4	24	121
1	4	24	122
1	4	24	123
1	4	24	124
1	4	24	125
1	4	24	126
1	4	24	127
1	4	25	0
1	4	25	1
1	4	25	2
1	4	25	3
1	4	25	4
1	4	25	5
1	4	25	6
1	4	25	7
1	4	25	8
1	4	25	9
1	4	25	10
1	4	25	11
1	4	25	12
1	4	25	13
1	4	25	14
1	4	25	15
1	4	25	16
1	4	25	17
1	4	25	18
1	4	25	19
1	4	25	20
1	4	25	21
1	4	25	22
1	4	25	23
1	4	25	24
1	4	25	25
1	4	25	26
1	4	25	27
1	4	25	28
1	4	25	29
1	4	25	30
1	4	25	31
1	4	25	32
1	4	25	33
1	4	25	34
1	4	25	35
1	4	25	36
1	4	25	37
1	4	25	38
1	4	25	39
1	4	25	40
1	4	25	41
1	4	25	42
1	4	25	43
1	4	25	44
1	4	25	45
1	4	25	46
1	4	25	47
1	4	25	48
1	4	25	49
1	4	25	50
1	4	25	51
1	4	25	52
1	4	25	53
1	4	25	54
1	4	25	55
1	4	25	56
1	4	25	57
1	4	25	58
1	4	25	59
1	4	25	60
1	4	25	61
1	4	25	62
1	4	25	63
1	4	25	64
1	4	25	65
1	4	25	66
1	4	25	67
1	4	25	68
1	4	25	69
1	4	25	70
1	4	25	71
1	4	25	72
1	4	25	73
1	4	25	74
1	4	25	75
1	4	25	76
1	4	25	77
1	4	25	78
1	4	25	79
1	4	25	80
1	4	25	81
1	4	25	82
1	4	25	83
1	4	25	84
1	4	25	85
1	4	25	86
1	4	25	87
1	4	25	88
1	4	25	89
1	4	25	90
1	4	25	91
1	4	25	92
1	4	25	93
1	4	25	94
1	4	25	95
1	4	25	96
1	4	25	97
1	4	25	98
1	4	25	99
1	4	25	100
1	4	25	101
1	4	25	102
1	4	25	103
1	4	25	104
1	4	25	105
1	4	25	106
1	4	25	107
1	4	25	108
1	4	25	109
1	4	25	110
1	4	25	111
1	4	25	112
1	4	25	113
1	4	25	114
1	4	25	115
1	4	25	116
1	4	25	117
1	4	25	118
1	4	25	119
1	4	25	120
1	4	25	121
1	4	25	122
1	4	25	123
1	4	25	124
1	4	25	125
1	4	25	126
1	4	25	127
1	10	17	83
1	10	17	86
2	1	7	0
3	13	18	0
6	10	11	0
6	12	18	0
