# FELIX	FELIX_CH	CHIP	CHANNEL
0	6	6	2
0	6	6	3
0	6	6	4
0	6	6	5
0	6	6	6
0	6	6	7
0	6	6	9
0	6	6	10
0	6	6	11
0	6	6	13
0	6	6	14
0	6	6	15
0	6	6	20
0	6	6	21
0	6	6	22
0	6	6	26
0	6	6	27
0	6	6	29
0	6	6	30
0	6	6	31
0	6	6	37
0	6	6	39
0	6	6	43
0	6	6	45
0	6	6	47
0	6	6	52
0	6	6	53
0	6	6	54
0	6	6	55
0	6	6	58
0	6	6	59
0	6	6	60
0	6	6	61
0	6	6	62
0	6	6	63
0	6	6	66
0	6	6	67
0	6	6	69
0	6	6	70
0	6	6	71
0	6	6	74
0	6	6	75
0	6	6	77
0	6	6	78
0	6	6	79
0	6	6	82
0	6	6	83
0	6	6	85
0	6	6	86
0	6	6	87
0	6	6	90
0	6	6	91
0	6	6	92
0	6	6	93
0	6	6	94
0	6	6	95
0	6	6	97
0	6	6	98
0	6	6	99
0	6	6	101
0	6	6	102
0	6	6	103
0	6	6	105
0	6	6	106
0	6	6	107
0	6	6	109
0	6	6	110
0	6	6	111
0	6	6	114
0	6	6	115
0	6	6	116
0	6	6	117
0	6	6	118
0	6	6	119
0	6	6	120
0	6	6	121
0	6	6	122
0	6	6	123
0	6	6	124
0	6	6	125
0	6	6	126
0	6	6	127
1	2	14	0
1	2	16	0
1	10	17	83
1	10	17	86
3	13	18	0
6	0	0	0
6	0	0	1
6	0	0	2
6	0	0	3
6	0	0	4
6	0	0	5
6	0	0	6
6	0	0	7
6	0	0	8
6	0	0	9
6	0	0	10
6	0	0	11
6	0	0	12
6	0	0	13
6	0	0	14
6	0	0	15
6	0	0	16
6	0	0	17
6	0	0	18
6	0	0	19
6	0	0	20
6	0	0	21
6	0	0	22
6	0	0	23
6	0	0	24
6	0	0	25
6	0	0	26
6	0	0	27
6	0	0	28
6	0	0	29
6	0	0	30
6	0	0	31
6	0	0	32
6	0	0	33
6	0	0	34
6	0	0	35
6	0	0	36
6	0	0	37
6	0	0	38
6	0	0	39
6	0	0	40
6	0	0	41
6	0	0	42
6	0	0	43
6	0	0	44
6	0	0	45
6	0	0	46
6	0	0	47
6	0	0	48
6	0	0	49
6	0	0	50
6	0	0	51
6	0	0	52
6	0	0	53
6	0	0	54
6	0	0	55
6	0	0	56
6	0	0	57
6	0	0	58
6	0	0	59
6	0	0	60
6	0	0	61
6	0	0	62
6	0	0	63
6	0	0	64
6	0	0	65
6	0	0	66
6	0	0	67
6	0	0	68
6	0	0	69
6	0	0	70
6	0	0	71
6	0	0	72
6	0	0	73
6	0	0	74
6	0	0	75
6	0	0	76
6	0	0	77
6	0	0	78
6	0	0	79
6	0	0	80
6	0	0	81
6	0	0	82
6	0	0	83
6	0	0	84
6	0	0	85
6	0	0	86
6	0	0	87
6	0	0	88
6	0	0	89
6	0	0	90
6	0	0	91
6	0	0	92
6	0	0	93
6	0	0	94
6	0	0	95
6	0	0	96
6	0	0	97
6	0	0	98
6	0	0	99
6	0	0	100
6	0	0	101
6	0	0	102
6	0	0	103
6	0	0	104
6	0	0	105
6	0	0	106
6	0	0	107
6	0	0	108
6	0	0	109
6	0	0	110
6	0	0	111
6	0	0	112
6	0	0	113
6	0	0	114
6	0	0	115
6	0	0	116
6	0	0	117
6	0	0	118
6	0	0	119
6	0	0	120
6	0	0	121
6	0	0	122
6	0	0	123
6	0	0	124
6	0	0	125
6	0	0	126
6	0	0	127
6	0	1	0
6	0	1	1
6	0	1	2
6	0	1	3
6	0	1	4
6	0	1	5
6	0	1	6
6	0	1	7
6	0	1	8
6	0	1	9
6	0	1	10
6	0	1	11
6	0	1	12
6	0	1	13
6	0	1	14
6	0	1	15
6	0	1	16
6	0	1	17
6	0	1	18
6	0	1	19
6	0	1	20
6	0	1	21
6	0	1	22
6	0	1	23
6	0	1	24
6	0	1	25
6	0	1	26
6	0	1	27
6	0	1	28
6	0	1	29
6	0	1	30
6	0	1	31
6	0	1	32
6	0	1	33
6	0	1	34
6	0	1	35
6	0	1	36
6	0	1	37
6	0	1	38
6	0	1	39
6	0	1	40
6	0	1	41
6	0	1	42
6	0	1	43
6	0	1	44
6	0	1	45
6	0	1	46
6	0	1	47
6	0	1	48
6	0	1	49
6	0	1	50
6	0	1	51
6	0	1	52
6	0	1	53
6	0	1	54
6	0	1	55
6	0	1	56
6	0	1	57
6	0	1	58
6	0	1	59
6	0	1	60
6	0	1	61
6	0	1	62
6	0	1	63
6	0	1	64
6	0	1	65
6	0	1	66
6	0	1	67
6	0	1	68
6	0	1	69
6	0	1	70
6	0	1	71
6	0	1	72
6	0	1	73
6	0	1	74
6	0	1	75
6	0	1	76
6	0	1	77
6	0	1	78
6	0	1	79
6	0	1	80
6	0	1	81
6	0	1	82
6	0	1	83
6	0	1	84
6	0	1	85
6	0	1	86
6	0	1	87
6	0	1	88
6	0	1	89
6	0	1	90
6	0	1	91
6	0	1	92
6	0	1	93
6	0	1	94
6	0	1	95
6	0	1	96
6	0	1	97
6	0	1	98
6	0	1	99
6	0	1	100
6	0	1	101
6	0	1	102
6	0	1	103
6	0	1	104
6	0	1	105
6	0	1	106
6	0	1	107
6	0	1	108
6	0	1	109
6	0	1	110
6	0	1	111
6	0	1	112
6	0	1	113
6	0	1	114
6	0	1	115
6	0	1	116
6	0	1	117
6	0	1	118
6	0	1	119
6	0	1	120
6	0	1	121
6	0	1	122
6	0	1	123
6	0	1	124
6	0	1	125
6	0	1	126
6	0	1	127
6	0	2	0
6	0	2	1
6	0	2	2
6	0	2	3
6	0	2	4
6	0	2	5
6	0	2	6
6	0	2	7
6	0	2	8
6	0	2	9
6	0	2	10
6	0	2	11
6	0	2	12
6	0	2	13
6	0	2	14
6	0	2	15
6	0	2	16
6	0	2	17
6	0	2	18
6	0	2	19
6	0	2	20
6	0	2	21
6	0	2	22
6	0	2	23
6	0	2	24
6	0	2	25
6	0	2	26
6	0	2	27
6	0	2	28
6	0	2	29
6	0	2	30
6	0	2	31
6	0	2	32
6	0	2	33
6	0	2	34
6	0	2	35
6	0	2	36
6	0	2	37
6	0	2	38
6	0	2	39
6	0	2	40
6	0	2	41
6	0	2	42
6	0	2	43
6	0	2	44
6	0	2	45
6	0	2	46
6	0	2	47
6	0	2	48
6	0	2	49
6	0	2	50
6	0	2	51
6	0	2	52
6	0	2	53
6	0	2	54
6	0	2	55
6	0	2	56
6	0	2	57
6	0	2	58
6	0	2	59
6	0	2	60
6	0	2	61
6	0	2	62
6	0	2	63
6	0	2	64
6	0	2	65
6	0	2	66
6	0	2	67
6	0	2	68
6	0	2	69
6	0	2	70
6	0	2	71
6	0	2	72
6	0	2	73
6	0	2	74
6	0	2	75
6	0	2	76
6	0	2	77
6	0	2	78
6	0	2	79
6	0	2	80
6	0	2	81
6	0	2	82
6	0	2	83
6	0	2	84
6	0	2	85
6	0	2	86
6	0	2	87
6	0	2	88
6	0	2	89
6	0	2	90
6	0	2	91
6	0	2	92
6	0	2	93
6	0	2	94
6	0	2	95
6	0	2	96
6	0	2	97
6	0	2	98
6	0	2	99
6	0	2	100
6	0	2	101
6	0	2	102
6	0	2	103
6	0	2	104
6	0	2	105
6	0	2	106
6	0	2	107
6	0	2	108
6	0	2	109
6	0	2	110
6	0	2	111
6	0	2	112
6	0	2	113
6	0	2	114
6	0	2	115
6	0	2	116
6	0	2	117
6	0	2	118
6	0	2	119
6	0	2	120
6	0	2	121
6	0	2	122
6	0	2	123
6	0	2	124
6	0	2	125
6	0	2	126
6	0	2	127
6	0	3	0
6	0	3	1
6	0	3	2
6	0	3	3
6	0	3	4
6	0	3	5
6	0	3	6
6	0	3	7
6	0	3	8
6	0	3	9
6	0	3	10
6	0	3	11
6	0	3	12
6	0	3	13
6	0	3	14
6	0	3	15
6	0	3	16
6	0	3	17
6	0	3	18
6	0	3	19
6	0	3	20
6	0	3	21
6	0	3	22
6	0	3	23
6	0	3	24
6	0	3	25
6	0	3	26
6	0	3	27
6	0	3	28
6	0	3	29
6	0	3	30
6	0	3	31
6	0	3	32
6	0	3	33
6	0	3	34
6	0	3	35
6	0	3	36
6	0	3	37
6	0	3	38
6	0	3	39
6	0	3	40
6	0	3	41
6	0	3	42
6	0	3	43
6	0	3	44
6	0	3	45
6	0	3	46
6	0	3	47
6	0	3	48
6	0	3	49
6	0	3	50
6	0	3	51
6	0	3	52
6	0	3	53
6	0	3	54
6	0	3	55
6	0	3	56
6	0	3	57
6	0	3	58
6	0	3	59
6	0	3	60
6	0	3	61
6	0	3	62
6	0	3	63
6	0	3	64
6	0	3	65
6	0	3	66
6	0	3	67
6	0	3	68
6	0	3	69
6	0	3	70
6	0	3	71
6	0	3	72
6	0	3	73
6	0	3	74
6	0	3	75
6	0	3	76
6	0	3	77
6	0	3	78
6	0	3	79
6	0	3	80
6	0	3	81
6	0	3	82
6	0	3	83
6	0	3	84
6	0	3	85
6	0	3	86
6	0	3	87
6	0	3	88
6	0	3	89
6	0	3	90
6	0	3	91
6	0	3	92
6	0	3	93
6	0	3	94
6	0	3	95
6	0	3	96
6	0	3	97
6	0	3	98
6	0	3	99
6	0	3	100
6	0	3	101
6	0	3	102
6	0	3	103
6	0	3	104
6	0	3	105
6	0	3	106
6	0	3	107
6	0	3	108
6	0	3	109
6	0	3	110
6	0	3	111
6	0	3	112
6	0	3	113
6	0	3	114
6	0	3	115
6	0	3	116
6	0	3	117
6	0	3	118
6	0	3	119
6	0	3	120
6	0	3	121
6	0	3	122
6	0	3	123
6	0	3	124
6	0	3	125
6	0	3	126
6	0	3	127
6	0	4	0
6	0	4	1
6	0	4	2
6	0	4	3
6	0	4	4
6	0	4	5
6	0	4	6
6	0	4	7
6	0	4	8
6	0	4	9
6	0	4	10
6	0	4	11
6	0	4	12
6	0	4	13
6	0	4	14
6	0	4	15
6	0	4	16
6	0	4	17
6	0	4	18
6	0	4	19
6	0	4	20
6	0	4	21
6	0	4	22
6	0	4	23
6	0	4	24
6	0	4	25
6	0	4	26
6	0	4	27
6	0	4	28
6	0	4	29
6	0	4	30
6	0	4	31
6	0	4	32
6	0	4	33
6	0	4	34
6	0	4	35
6	0	4	36
6	0	4	37
6	0	4	38
6	0	4	39
6	0	4	40
6	0	4	41
6	0	4	42
6	0	4	43
6	0	4	44
6	0	4	45
6	0	4	46
6	0	4	47
6	0	4	48
6	0	4	49
6	0	4	50
6	0	4	51
6	0	4	52
6	0	4	53
6	0	4	54
6	0	4	55
6	0	4	56
6	0	4	57
6	0	4	58
6	0	4	59
6	0	4	60
6	0	4	61
6	0	4	62
6	0	4	63
6	0	4	64
6	0	4	65
6	0	4	66
6	0	4	67
6	0	4	68
6	0	4	69
6	0	4	70
6	0	4	71
6	0	4	72
6	0	4	73
6	0	4	74
6	0	4	75
6	0	4	76
6	0	4	77
6	0	4	78
6	0	4	79
6	0	4	80
6	0	4	81
6	0	4	82
6	0	4	83
6	0	4	84
6	0	4	85
6	0	4	86
6	0	4	87
6	0	4	88
6	0	4	89
6	0	4	90
6	0	4	91
6	0	4	92
6	0	4	93
6	0	4	94
6	0	4	95
6	0	4	96
6	0	4	97
6	0	4	98
6	0	4	99
6	0	4	100
6	0	4	101
6	0	4	102
6	0	4	103
6	0	4	104
6	0	4	105
6	0	4	106
6	0	4	107
6	0	4	108
6	0	4	109
6	0	4	110
6	0	4	111
6	0	4	112
6	0	4	113
6	0	4	114
6	0	4	115
6	0	4	116
6	0	4	117
6	0	4	118
6	0	4	119
6	0	4	120
6	0	4	121
6	0	4	122
6	0	4	123
6	0	4	124
6	0	4	125
6	0	4	126
6	0	4	127
6	0	5	0
6	0	5	1
6	0	5	2
6	0	5	3
6	0	5	4
6	0	5	5
6	0	5	6
6	0	5	7
6	0	5	8
6	0	5	9
6	0	5	10
6	0	5	11
6	0	5	12
6	0	5	13
6	0	5	14
6	0	5	15
6	0	5	16
6	0	5	17
6	0	5	18
6	0	5	19
6	0	5	20
6	0	5	21
6	0	5	22
6	0	5	23
6	0	5	24
6	0	5	25
6	0	5	26
6	0	5	27
6	0	5	28
6	0	5	29
6	0	5	30
6	0	5	31
6	0	5	32
6	0	5	33
6	0	5	34
6	0	5	35
6	0	5	36
6	0	5	37
6	0	5	38
6	0	5	39
6	0	5	40
6	0	5	41
6	0	5	42
6	0	5	43
6	0	5	44
6	0	5	45
6	0	5	46
6	0	5	47
6	0	5	48
6	0	5	49
6	0	5	50
6	0	5	51
6	0	5	52
6	0	5	53
6	0	5	54
6	0	5	55
6	0	5	56
6	0	5	57
6	0	5	58
6	0	5	59
6	0	5	60
6	0	5	61
6	0	5	62
6	0	5	63
6	0	5	64
6	0	5	65
6	0	5	66
6	0	5	67
6	0	5	68
6	0	5	69
6	0	5	70
6	0	5	71
6	0	5	72
6	0	5	73
6	0	5	74
6	0	5	75
6	0	5	76
6	0	5	77
6	0	5	78
6	0	5	79
6	0	5	80
6	0	5	81
6	0	5	82
6	0	5	83
6	0	5	84
6	0	5	85
6	0	5	86
6	0	5	87
6	0	5	88
6	0	5	89
6	0	5	90
6	0	5	91
6	0	5	92
6	0	5	93
6	0	5	94
6	0	5	95
6	0	5	96
6	0	5	97
6	0	5	98
6	0	5	99
6	0	5	100
6	0	5	101
6	0	5	102
6	0	5	103
6	0	5	104
6	0	5	105
6	0	5	106
6	0	5	107
6	0	5	108
6	0	5	109
6	0	5	110
6	0	5	111
6	0	5	112
6	0	5	113
6	0	5	114
6	0	5	115
6	0	5	116
6	0	5	117
6	0	5	118
6	0	5	119
6	0	5	120
6	0	5	121
6	0	5	122
6	0	5	123
6	0	5	124
6	0	5	125
6	0	5	126
6	0	5	127
6	0	6	0
6	0	6	1
6	0	6	2
6	0	6	3
6	0	6	4
6	0	6	5
6	0	6	6
6	0	6	7
6	0	6	8
6	0	6	9
6	0	6	10
6	0	6	11
6	0	6	12
6	0	6	13
6	0	6	14
6	0	6	15
6	0	6	16
6	0	6	17
6	0	6	18
6	0	6	19
6	0	6	20
6	0	6	21
6	0	6	22
6	0	6	23
6	0	6	24
6	0	6	25
6	0	6	26
6	0	6	27
6	0	6	28
6	0	6	29
6	0	6	30
6	0	6	31
6	0	6	32
6	0	6	33
6	0	6	34
6	0	6	35
6	0	6	36
6	0	6	37
6	0	6	38
6	0	6	39
6	0	6	40
6	0	6	41
6	0	6	42
6	0	6	43
6	0	6	44
6	0	6	45
6	0	6	46
6	0	6	47
6	0	6	48
6	0	6	49
6	0	6	50
6	0	6	51
6	0	6	52
6	0	6	53
6	0	6	54
6	0	6	55
6	0	6	56
6	0	6	57
6	0	6	58
6	0	6	59
6	0	6	60
6	0	6	61
6	0	6	62
6	0	6	63
6	0	6	64
6	0	6	65
6	0	6	66
6	0	6	67
6	0	6	68
6	0	6	69
6	0	6	70
6	0	6	71
6	0	6	72
6	0	6	73
6	0	6	74
6	0	6	75
6	0	6	76
6	0	6	77
6	0	6	78
6	0	6	79
6	0	6	80
6	0	6	81
6	0	6	82
6	0	6	83
6	0	6	84
6	0	6	85
6	0	6	86
6	0	6	87
6	0	6	88
6	0	6	89
6	0	6	90
6	0	6	91
6	0	6	92
6	0	6	93
6	0	6	94
6	0	6	95
6	0	6	96
6	0	6	97
6	0	6	98
6	0	6	99
6	0	6	100
6	0	6	101
6	0	6	102
6	0	6	103
6	0	6	104
6	0	6	105
6	0	6	106
6	0	6	107
6	0	6	108
6	0	6	109
6	0	6	110
6	0	6	111
6	0	6	112
6	0	6	113
6	0	6	114
6	0	6	115
6	0	6	116
6	0	6	117
6	0	6	118
6	0	6	119
6	0	6	120
6	0	6	121
6	0	6	122
6	0	6	123
6	0	6	124
6	0	6	125
6	0	6	126
6	0	6	127
6	0	7	0
6	0	7	1
6	0	7	2
6	0	7	3
6	0	7	4
6	0	7	5
6	0	7	6
6	0	7	7
6	0	7	8
6	0	7	9
6	0	7	10
6	0	7	11
6	0	7	12
6	0	7	13
6	0	7	14
6	0	7	15
6	0	7	16
6	0	7	17
6	0	7	18
6	0	7	19
6	0	7	20
6	0	7	21
6	0	7	22
6	0	7	23
6	0	7	24
6	0	7	25
6	0	7	26
6	0	7	27
6	0	7	28
6	0	7	29
6	0	7	30
6	0	7	31
6	0	7	32
6	0	7	33
6	0	7	34
6	0	7	35
6	0	7	36
6	0	7	37
6	0	7	38
6	0	7	39
6	0	7	40
6	0	7	41
6	0	7	42
6	0	7	43
6	0	7	44
6	0	7	45
6	0	7	46
6	0	7	47
6	0	7	48
6	0	7	49
6	0	7	50
6	0	7	51
6	0	7	52
6	0	7	53
6	0	7	54
6	0	7	55
6	0	7	56
6	0	7	57
6	0	7	58
6	0	7	59
6	0	7	60
6	0	7	61
6	0	7	62
6	0	7	63
6	0	7	64
6	0	7	65
6	0	7	66
6	0	7	67
6	0	7	68
6	0	7	69
6	0	7	70
6	0	7	71
6	0	7	72
6	0	7	73
6	0	7	74
6	0	7	75
6	0	7	76
6	0	7	77
6	0	7	78
6	0	7	79
6	0	7	80
6	0	7	81
6	0	7	82
6	0	7	83
6	0	7	84
6	0	7	85
6	0	7	86
6	0	7	87
6	0	7	88
6	0	7	89
6	0	7	90
6	0	7	91
6	0	7	92
6	0	7	93
6	0	7	94
6	0	7	95
6	0	7	96
6	0	7	97
6	0	7	98
6	0	7	99
6	0	7	100
6	0	7	101
6	0	7	102
6	0	7	103
6	0	7	104
6	0	7	105
6	0	7	106
6	0	7	107
6	0	7	108
6	0	7	109
6	0	7	110
6	0	7	111
6	0	7	112
6	0	7	113
6	0	7	114
6	0	7	115
6	0	7	116
6	0	7	117
6	0	7	118
6	0	7	119
6	0	7	120
6	0	7	121
6	0	7	122
6	0	7	123
6	0	7	124
6	0	7	125
6	0	7	126
6	0	7	127
6	0	8	0
6	0	8	1
6	0	8	2
6	0	8	3
6	0	8	4
6	0	8	5
6	0	8	6
6	0	8	7
6	0	8	8
6	0	8	9
6	0	8	10
6	0	8	11
6	0	8	12
6	0	8	13
6	0	8	14
6	0	8	15
6	0	8	16
6	0	8	17
6	0	8	18
6	0	8	19
6	0	8	20
6	0	8	21
6	0	8	22
6	0	8	23
6	0	8	24
6	0	8	25
6	0	8	26
6	0	8	27
6	0	8	28
6	0	8	29
6	0	8	30
6	0	8	31
6	0	8	32
6	0	8	33
6	0	8	34
6	0	8	35
6	0	8	36
6	0	8	37
6	0	8	38
6	0	8	39
6	0	8	40
6	0	8	41
6	0	8	42
6	0	8	43
6	0	8	44
6	0	8	45
6	0	8	46
6	0	8	47
6	0	8	48
6	0	8	49
6	0	8	50
6	0	8	51
6	0	8	52
6	0	8	53
6	0	8	54
6	0	8	55
6	0	8	56
6	0	8	57
6	0	8	58
6	0	8	59
6	0	8	60
6	0	8	61
6	0	8	62
6	0	8	63
6	0	8	64
6	0	8	65
6	0	8	66
6	0	8	67
6	0	8	68
6	0	8	69
6	0	8	70
6	0	8	71
6	0	8	72
6	0	8	73
6	0	8	74
6	0	8	75
6	0	8	76
6	0	8	77
6	0	8	78
6	0	8	79
6	0	8	80
6	0	8	81
6	0	8	82
6	0	8	83
6	0	8	84
6	0	8	85
6	0	8	86
6	0	8	87
6	0	8	88
6	0	8	89
6	0	8	90
6	0	8	91
6	0	8	92
6	0	8	93
6	0	8	94
6	0	8	95
6	0	8	96
6	0	8	97
6	0	8	98
6	0	8	99
6	0	8	100
6	0	8	101
6	0	8	102
6	0	8	103
6	0	8	104
6	0	8	105
6	0	8	106
6	0	8	107
6	0	8	108
6	0	8	109
6	0	8	110
6	0	8	111
6	0	8	112
6	0	8	113
6	0	8	114
6	0	8	115
6	0	8	116
6	0	8	117
6	0	8	118
6	0	8	119
6	0	8	120
6	0	8	121
6	0	8	122
6	0	8	123
6	0	8	124
6	0	8	125
6	0	8	126
6	0	8	127
6	0	9	0
6	0	9	1
6	0	9	2
6	0	9	3
6	0	9	4
6	0	9	5
6	0	9	6
6	0	9	7
6	0	9	8
6	0	9	9
6	0	9	10
6	0	9	11
6	0	9	12
6	0	9	13
6	0	9	14
6	0	9	15
6	0	9	16
6	0	9	17
6	0	9	18
6	0	9	19
6	0	9	20
6	0	9	21
6	0	9	22
6	0	9	23
6	0	9	24
6	0	9	25
6	0	9	26
6	0	9	27
6	0	9	28
6	0	9	29
6	0	9	30
6	0	9	31
6	0	9	32
6	0	9	33
6	0	9	34
6	0	9	35
6	0	9	36
6	0	9	37
6	0	9	38
6	0	9	39
6	0	9	40
6	0	9	41
6	0	9	42
6	0	9	43
6	0	9	44
6	0	9	45
6	0	9	46
6	0	9	47
6	0	9	48
6	0	9	49
6	0	9	50
6	0	9	51
6	0	9	52
6	0	9	53
6	0	9	54
6	0	9	55
6	0	9	56
6	0	9	57
6	0	9	58
6	0	9	59
6	0	9	60
6	0	9	61
6	0	9	62
6	0	9	63
6	0	9	64
6	0	9	65
6	0	9	66
6	0	9	67
6	0	9	68
6	0	9	69
6	0	9	70
6	0	9	71
6	0	9	72
6	0	9	73
6	0	9	74
6	0	9	75
6	0	9	76
6	0	9	77
6	0	9	78
6	0	9	79
6	0	9	80
6	0	9	81
6	0	9	82
6	0	9	83
6	0	9	84
6	0	9	85
6	0	9	86
6	0	9	87
6	0	9	88
6	0	9	89
6	0	9	90
6	0	9	91
6	0	9	92
6	0	9	93
6	0	9	94
6	0	9	95
6	0	9	96
6	0	9	97
6	0	9	98
6	0	9	99
6	0	9	100
6	0	9	101
6	0	9	102
6	0	9	103
6	0	9	104
6	0	9	105
6	0	9	106
6	0	9	107
6	0	9	108
6	0	9	109
6	0	9	110
6	0	9	111
6	0	9	112
6	0	9	113
6	0	9	114
6	0	9	115
6	0	9	116
6	0	9	117
6	0	9	118
6	0	9	119
6	0	9	120
6	0	9	121
6	0	9	122
6	0	9	123
6	0	9	124
6	0	9	125
6	0	9	126
6	0	9	127
6	0	10	0
6	0	10	1
6	0	10	2
6	0	10	3
6	0	10	4
6	0	10	5
6	0	10	6
6	0	10	7
6	0	10	8
6	0	10	9
6	0	10	10
6	0	10	11
6	0	10	12
6	0	10	13
6	0	10	14
6	0	10	15
6	0	10	16
6	0	10	17
6	0	10	18
6	0	10	19
6	0	10	20
6	0	10	21
6	0	10	22
6	0	10	23
6	0	10	24
6	0	10	25
6	0	10	26
6	0	10	27
6	0	10	28
6	0	10	29
6	0	10	30
6	0	10	31
6	0	10	32
6	0	10	33
6	0	10	34
6	0	10	35
6	0	10	36
6	0	10	37
6	0	10	38
6	0	10	39
6	0	10	40
6	0	10	41
6	0	10	42
6	0	10	43
6	0	10	44
6	0	10	45
6	0	10	46
6	0	10	47
6	0	10	48
6	0	10	49
6	0	10	50
6	0	10	51
6	0	10	52
6	0	10	53
6	0	10	54
6	0	10	55
6	0	10	56
6	0	10	57
6	0	10	58
6	0	10	59
6	0	10	60
6	0	10	61
6	0	10	62
6	0	10	63
6	0	10	64
6	0	10	65
6	0	10	66
6	0	10	67
6	0	10	68
6	0	10	69
6	0	10	70
6	0	10	71
6	0	10	72
6	0	10	73
6	0	10	74
6	0	10	75
6	0	10	76
6	0	10	77
6	0	10	78
6	0	10	79
6	0	10	80
6	0	10	81
6	0	10	82
6	0	10	83
6	0	10	84
6	0	10	85
6	0	10	86
6	0	10	87
6	0	10	88
6	0	10	89
6	0	10	90
6	0	10	91
6	0	10	92
6	0	10	93
6	0	10	94
6	0	10	95
6	0	10	96
6	0	10	97
6	0	10	98
6	0	10	99
6	0	10	100
6	0	10	101
6	0	10	102
6	0	10	103
6	0	10	104
6	0	10	105
6	0	10	106
6	0	10	107
6	0	10	108
6	0	10	109
6	0	10	110
6	0	10	111
6	0	10	112
6	0	10	113
6	0	10	114
6	0	10	115
6	0	10	116
6	0	10	117
6	0	10	118
6	0	10	119
6	0	10	120
6	0	10	121
6	0	10	122
6	0	10	123
6	0	10	124
6	0	10	125
6	0	10	126
6	0	10	127
6	0	11	0
6	0	11	1
6	0	11	2
6	0	11	3
6	0	11	4
6	0	11	5
6	0	11	6
6	0	11	7
6	0	11	8
6	0	11	9
6	0	11	10
6	0	11	11
6	0	11	12
6	0	11	13
6	0	11	14
6	0	11	15
6	0	11	16
6	0	11	17
6	0	11	18
6	0	11	19
6	0	11	20
6	0	11	21
6	0	11	22
6	0	11	23
6	0	11	24
6	0	11	25
6	0	11	26
6	0	11	27
6	0	11	28
6	0	11	29
6	0	11	30
6	0	11	31
6	0	11	32
6	0	11	33
6	0	11	34
6	0	11	35
6	0	11	36
6	0	11	37
6	0	11	38
6	0	11	39
6	0	11	40
6	0	11	41
6	0	11	42
6	0	11	43
6	0	11	44
6	0	11	45
6	0	11	46
6	0	11	47
6	0	11	48
6	0	11	49
6	0	11	50
6	0	11	51
6	0	11	52
6	0	11	53
6	0	11	54
6	0	11	55
6	0	11	56
6	0	11	57
6	0	11	58
6	0	11	59
6	0	11	60
6	0	11	61
6	0	11	62
6	0	11	63
6	0	11	64
6	0	11	65
6	0	11	66
6	0	11	67
6	0	11	68
6	0	11	69
6	0	11	70
6	0	11	71
6	0	11	72
6	0	11	73
6	0	11	74
6	0	11	75
6	0	11	76
6	0	11	77
6	0	11	78
6	0	11	79
6	0	11	80
6	0	11	81
6	0	11	82
6	0	11	83
6	0	11	84
6	0	11	85
6	0	11	86
6	0	11	87
6	0	11	88
6	0	11	89
6	0	11	90
6	0	11	91
6	0	11	92
6	0	11	93
6	0	11	94
6	0	11	95
6	0	11	96
6	0	11	97
6	0	11	98
6	0	11	99
6	0	11	100
6	0	11	101
6	0	11	102
6	0	11	103
6	0	11	104
6	0	11	105
6	0	11	106
6	0	11	107
6	0	11	108
6	0	11	109
6	0	11	110
6	0	11	111
6	0	11	112
6	0	11	113
6	0	11	114
6	0	11	115
6	0	11	116
6	0	11	117
6	0	11	118
6	0	11	119
6	0	11	120
6	0	11	121
6	0	11	122
6	0	11	123
6	0	11	124
6	0	11	125
6	0	11	126
6	0	11	127
6	0	12	0
6	0	12	1
6	0	12	2
6	0	12	3
6	0	12	4
6	0	12	5
6	0	12	6
6	0	12	7
6	0	12	8
6	0	12	9
6	0	12	10
6	0	12	11
6	0	12	12
6	0	12	13
6	0	12	14
6	0	12	15
6	0	12	16
6	0	12	17
6	0	12	18
6	0	12	19
6	0	12	20
6	0	12	21
6	0	12	22
6	0	12	23
6	0	12	24
6	0	12	25
6	0	12	26
6	0	12	27
6	0	12	28
6	0	12	29
6	0	12	30
6	0	12	31
6	0	12	32
6	0	12	33
6	0	12	34
6	0	12	35
6	0	12	36
6	0	12	37
6	0	12	38
6	0	12	39
6	0	12	40
6	0	12	41
6	0	12	42
6	0	12	43
6	0	12	44
6	0	12	45
6	0	12	46
6	0	12	47
6	0	12	48
6	0	12	49
6	0	12	50
6	0	12	51
6	0	12	52
6	0	12	53
6	0	12	54
6	0	12	55
6	0	12	56
6	0	12	57
6	0	12	58
6	0	12	59
6	0	12	60
6	0	12	61
6	0	12	62
6	0	12	63
6	0	12	64
6	0	12	65
6	0	12	66
6	0	12	67
6	0	12	68
6	0	12	69
6	0	12	70
6	0	12	71
6	0	12	72
6	0	12	73
6	0	12	74
6	0	12	75
6	0	12	76
6	0	12	77
6	0	12	78
6	0	12	79
6	0	12	80
6	0	12	81
6	0	12	82
6	0	12	83
6	0	12	84
6	0	12	85
6	0	12	86
6	0	12	87
6	0	12	88
6	0	12	89
6	0	12	90
6	0	12	91
6	0	12	92
6	0	12	93
6	0	12	94
6	0	12	95
6	0	12	96
6	0	12	97
6	0	12	98
6	0	12	99
6	0	12	100
6	0	12	101
6	0	12	102
6	0	12	103
6	0	12	104
6	0	12	105
6	0	12	106
6	0	12	107
6	0	12	108
6	0	12	109
6	0	12	110
6	0	12	111
6	0	12	112
6	0	12	113
6	0	12	114
6	0	12	115
6	0	12	116
6	0	12	117
6	0	12	118
6	0	12	119
6	0	12	120
6	0	12	121
6	0	12	122
6	0	12	123
6	0	12	124
6	0	12	125
6	0	12	126
6	0	12	127
6	0	13	0
6	0	13	1
6	0	13	2
6	0	13	3
6	0	13	4
6	0	13	5
6	0	13	6
6	0	13	7
6	0	13	8
6	0	13	9
6	0	13	10
6	0	13	11
6	0	13	12
6	0	13	13
6	0	13	14
6	0	13	15
6	0	13	16
6	0	13	17
6	0	13	18
6	0	13	19
6	0	13	20
6	0	13	21
6	0	13	22
6	0	13	23
6	0	13	24
6	0	13	25
6	0	13	26
6	0	13	27
6	0	13	28
6	0	13	29
6	0	13	30
6	0	13	31
6	0	13	32
6	0	13	33
6	0	13	34
6	0	13	35
6	0	13	36
6	0	13	37
6	0	13	38
6	0	13	39
6	0	13	40
6	0	13	41
6	0	13	42
6	0	13	43
6	0	13	44
6	0	13	45
6	0	13	46
6	0	13	47
6	0	13	48
6	0	13	49
6	0	13	50
6	0	13	51
6	0	13	52
6	0	13	53
6	0	13	54
6	0	13	55
6	0	13	56
6	0	13	57
6	0	13	58
6	0	13	59
6	0	13	60
6	0	13	61
6	0	13	62
6	0	13	63
6	0	13	64
6	0	13	65
6	0	13	66
6	0	13	67
6	0	13	68
6	0	13	69
6	0	13	70
6	0	13	71
6	0	13	72
6	0	13	73
6	0	13	74
6	0	13	75
6	0	13	76
6	0	13	77
6	0	13	78
6	0	13	79
6	0	13	80
6	0	13	81
6	0	13	82
6	0	13	83
6	0	13	84
6	0	13	85
6	0	13	86
6	0	13	87
6	0	13	88
6	0	13	89
6	0	13	90
6	0	13	91
6	0	13	92
6	0	13	93
6	0	13	94
6	0	13	95
6	0	13	96
6	0	13	97
6	0	13	98
6	0	13	99
6	0	13	100
6	0	13	101
6	0	13	102
6	0	13	103
6	0	13	104
6	0	13	105
6	0	13	106
6	0	13	107
6	0	13	108
6	0	13	109
6	0	13	110
6	0	13	111
6	0	13	112
6	0	13	113
6	0	13	114
6	0	13	115
6	0	13	116
6	0	13	117
6	0	13	118
6	0	13	119
6	0	13	120
6	0	13	121
6	0	13	122
6	0	13	123
6	0	13	124
6	0	13	125
6	0	13	126
6	0	13	127
6	0	14	0
6	0	14	1
6	0	14	2
6	0	14	3
6	0	14	4
6	0	14	5
6	0	14	6
6	0	14	7
6	0	14	8
6	0	14	9
6	0	14	10
6	0	14	11
6	0	14	12
6	0	14	13
6	0	14	14
6	0	14	15
6	0	14	16
6	0	14	17
6	0	14	18
6	0	14	19
6	0	14	20
6	0	14	21
6	0	14	22
6	0	14	23
6	0	14	24
6	0	14	25
6	0	14	26
6	0	14	27
6	0	14	28
6	0	14	29
6	0	14	30
6	0	14	31
6	0	14	32
6	0	14	33
6	0	14	34
6	0	14	35
6	0	14	36
6	0	14	37
6	0	14	38
6	0	14	39
6	0	14	40
6	0	14	41
6	0	14	42
6	0	14	43
6	0	14	44
6	0	14	45
6	0	14	46
6	0	14	47
6	0	14	48
6	0	14	49
6	0	14	50
6	0	14	51
6	0	14	52
6	0	14	53
6	0	14	54
6	0	14	55
6	0	14	56
6	0	14	57
6	0	14	58
6	0	14	59
6	0	14	60
6	0	14	61
6	0	14	62
6	0	14	63
6	0	14	64
6	0	14	65
6	0	14	66
6	0	14	67
6	0	14	68
6	0	14	69
6	0	14	70
6	0	14	71
6	0	14	72
6	0	14	73
6	0	14	74
6	0	14	75
6	0	14	76
6	0	14	77
6	0	14	78
6	0	14	79
6	0	14	80
6	0	14	81
6	0	14	82
6	0	14	83
6	0	14	84
6	0	14	85
6	0	14	86
6	0	14	87
6	0	14	88
6	0	14	89
6	0	14	90
6	0	14	91
6	0	14	92
6	0	14	93
6	0	14	94
6	0	14	95
6	0	14	96
6	0	14	97
6	0	14	98
6	0	14	99
6	0	14	100
6	0	14	101
6	0	14	102
6	0	14	103
6	0	14	104
6	0	14	105
6	0	14	106
6	0	14	107
6	0	14	108
6	0	14	109
6	0	14	110
6	0	14	111
6	0	14	112
6	0	14	113
6	0	14	114
6	0	14	115
6	0	14	116
6	0	14	117
6	0	14	118
6	0	14	119
6	0	14	120
6	0	14	121
6	0	14	122
6	0	14	123
6	0	14	124
6	0	14	125
6	0	14	126
6	0	14	127
6	0	15	0
6	0	15	1
6	0	15	2
6	0	15	3
6	0	15	4
6	0	15	5
6	0	15	6
6	0	15	7
6	0	15	8
6	0	15	9
6	0	15	10
6	0	15	11
6	0	15	12
6	0	15	13
6	0	15	14
6	0	15	15
6	0	15	16
6	0	15	17
6	0	15	18
6	0	15	19
6	0	15	20
6	0	15	21
6	0	15	22
6	0	15	23
6	0	15	24
6	0	15	25
6	0	15	26
6	0	15	27
6	0	15	28
6	0	15	29
6	0	15	30
6	0	15	31
6	0	15	32
6	0	15	33
6	0	15	34
6	0	15	35
6	0	15	36
6	0	15	37
6	0	15	38
6	0	15	39
6	0	15	40
6	0	15	41
6	0	15	42
6	0	15	43
6	0	15	44
6	0	15	45
6	0	15	46
6	0	15	47
6	0	15	48
6	0	15	49
6	0	15	50
6	0	15	51
6	0	15	52
6	0	15	53
6	0	15	54
6	0	15	55
6	0	15	56
6	0	15	57
6	0	15	58
6	0	15	59
6	0	15	60
6	0	15	61
6	0	15	62
6	0	15	63
6	0	15	64
6	0	15	65
6	0	15	66
6	0	15	67
6	0	15	68
6	0	15	69
6	0	15	70
6	0	15	71
6	0	15	72
6	0	15	73
6	0	15	74
6	0	15	75
6	0	15	76
6	0	15	77
6	0	15	78
6	0	15	79
6	0	15	80
6	0	15	81
6	0	15	82
6	0	15	83
6	0	15	84
6	0	15	85
6	0	15	86
6	0	15	87
6	0	15	88
6	0	15	89
6	0	15	90
6	0	15	91
6	0	15	92
6	0	15	93
6	0	15	94
6	0	15	95
6	0	15	96
6	0	15	97
6	0	15	98
6	0	15	99
6	0	15	100
6	0	15	101
6	0	15	102
6	0	15	103
6	0	15	104
6	0	15	105
6	0	15	106
6	0	15	107
6	0	15	108
6	0	15	109
6	0	15	110
6	0	15	111
6	0	15	112
6	0	15	113
6	0	15	114
6	0	15	115
6	0	15	116
6	0	15	117
6	0	15	118
6	0	15	119
6	0	15	120
6	0	15	121
6	0	15	122
6	0	15	123
6	0	15	124
6	0	15	125
6	0	15	126
6	0	15	127
6	0	16	0
6	0	16	1
6	0	16	2
6	0	16	3
6	0	16	4
6	0	16	5
6	0	16	6
6	0	16	7
6	0	16	8
6	0	16	9
6	0	16	10
6	0	16	11
6	0	16	12
6	0	16	13
6	0	16	14
6	0	16	15
6	0	16	16
6	0	16	17
6	0	16	18
6	0	16	19
6	0	16	20
6	0	16	21
6	0	16	22
6	0	16	23
6	0	16	24
6	0	16	25
6	0	16	26
6	0	16	27
6	0	16	28
6	0	16	29
6	0	16	30
6	0	16	31
6	0	16	32
6	0	16	33
6	0	16	34
6	0	16	35
6	0	16	36
6	0	16	37
6	0	16	38
6	0	16	39
6	0	16	40
6	0	16	41
6	0	16	42
6	0	16	43
6	0	16	44
6	0	16	45
6	0	16	46
6	0	16	47
6	0	16	48
6	0	16	49
6	0	16	50
6	0	16	51
6	0	16	52
6	0	16	53
6	0	16	54
6	0	16	55
6	0	16	56
6	0	16	57
6	0	16	58
6	0	16	59
6	0	16	60
6	0	16	61
6	0	16	62
6	0	16	63
6	0	16	64
6	0	16	65
6	0	16	66
6	0	16	67
6	0	16	68
6	0	16	69
6	0	16	70
6	0	16	71
6	0	16	72
6	0	16	73
6	0	16	74
6	0	16	75
6	0	16	76
6	0	16	77
6	0	16	78
6	0	16	79
6	0	16	80
6	0	16	81
6	0	16	82
6	0	16	83
6	0	16	84
6	0	16	85
6	0	16	86
6	0	16	87
6	0	16	88
6	0	16	89
6	0	16	90
6	0	16	91
6	0	16	92
6	0	16	93
6	0	16	94
6	0	16	95
6	0	16	96
6	0	16	97
6	0	16	98
6	0	16	99
6	0	16	100
6	0	16	101
6	0	16	102
6	0	16	103
6	0	16	104
6	0	16	105
6	0	16	106
6	0	16	107
6	0	16	108
6	0	16	109
6	0	16	110
6	0	16	111
6	0	16	112
6	0	16	113
6	0	16	114
6	0	16	115
6	0	16	116
6	0	16	117
6	0	16	118
6	0	16	119
6	0	16	120
6	0	16	121
6	0	16	122
6	0	16	123
6	0	16	124
6	0	16	125
6	0	16	126
6	0	16	127
6	0	17	0
6	0	17	1
6	0	17	2
6	0	17	3
6	0	17	4
6	0	17	5
6	0	17	6
6	0	17	7
6	0	17	8
6	0	17	9
6	0	17	10
6	0	17	11
6	0	17	12
6	0	17	13
6	0	17	14
6	0	17	15
6	0	17	16
6	0	17	17
6	0	17	18
6	0	17	19
6	0	17	20
6	0	17	21
6	0	17	22
6	0	17	23
6	0	17	24
6	0	17	25
6	0	17	26
6	0	17	27
6	0	17	28
6	0	17	29
6	0	17	30
6	0	17	31
6	0	17	32
6	0	17	33
6	0	17	34
6	0	17	35
6	0	17	36
6	0	17	37
6	0	17	38
6	0	17	39
6	0	17	40
6	0	17	41
6	0	17	42
6	0	17	43
6	0	17	44
6	0	17	45
6	0	17	46
6	0	17	47
6	0	17	48
6	0	17	49
6	0	17	50
6	0	17	51
6	0	17	52
6	0	17	53
6	0	17	54
6	0	17	55
6	0	17	56
6	0	17	57
6	0	17	58
6	0	17	59
6	0	17	60
6	0	17	61
6	0	17	62
6	0	17	63
6	0	17	64
6	0	17	65
6	0	17	66
6	0	17	67
6	0	17	68
6	0	17	69
6	0	17	70
6	0	17	71
6	0	17	72
6	0	17	73
6	0	17	74
6	0	17	75
6	0	17	76
6	0	17	77
6	0	17	78
6	0	17	79
6	0	17	80
6	0	17	81
6	0	17	82
6	0	17	83
6	0	17	84
6	0	17	85
6	0	17	86
6	0	17	87
6	0	17	88
6	0	17	89
6	0	17	90
6	0	17	91
6	0	17	92
6	0	17	93
6	0	17	94
6	0	17	95
6	0	17	96
6	0	17	97
6	0	17	98
6	0	17	99
6	0	17	100
6	0	17	101
6	0	17	102
6	0	17	103
6	0	17	104
6	0	17	105
6	0	17	106
6	0	17	107
6	0	17	108
6	0	17	109
6	0	17	110
6	0	17	111
6	0	17	112
6	0	17	113
6	0	17	114
6	0	17	115
6	0	17	116
6	0	17	117
6	0	17	118
6	0	17	119
6	0	17	120
6	0	17	121
6	0	17	122
6	0	17	123
6	0	17	124
6	0	17	125
6	0	17	126
6	0	17	127
6	0	18	0
6	0	18	1
6	0	18	2
6	0	18	3
6	0	18	4
6	0	18	5
6	0	18	6
6	0	18	7
6	0	18	8
6	0	18	9
6	0	18	10
6	0	18	11
6	0	18	12
6	0	18	13
6	0	18	14
6	0	18	15
6	0	18	16
6	0	18	17
6	0	18	18
6	0	18	19
6	0	18	20
6	0	18	21
6	0	18	22
6	0	18	23
6	0	18	24
6	0	18	25
6	0	18	26
6	0	18	27
6	0	18	28
6	0	18	29
6	0	18	30
6	0	18	31
6	0	18	32
6	0	18	33
6	0	18	34
6	0	18	35
6	0	18	36
6	0	18	37
6	0	18	38
6	0	18	39
6	0	18	40
6	0	18	41
6	0	18	42
6	0	18	43
6	0	18	44
6	0	18	45
6	0	18	46
6	0	18	47
6	0	18	48
6	0	18	49
6	0	18	50
6	0	18	51
6	0	18	52
6	0	18	53
6	0	18	54
6	0	18	55
6	0	18	56
6	0	18	57
6	0	18	58
6	0	18	59
6	0	18	60
6	0	18	61
6	0	18	62
6	0	18	63
6	0	18	64
6	0	18	65
6	0	18	66
6	0	18	67
6	0	18	68
6	0	18	69
6	0	18	70
6	0	18	71
6	0	18	72
6	0	18	73
6	0	18	74
6	0	18	75
6	0	18	76
6	0	18	77
6	0	18	78
6	0	18	79
6	0	18	80
6	0	18	81
6	0	18	82
6	0	18	83
6	0	18	84
6	0	18	85
6	0	18	86
6	0	18	87
6	0	18	88
6	0	18	89
6	0	18	90
6	0	18	91
6	0	18	92
6	0	18	93
6	0	18	94
6	0	18	95
6	0	18	96
6	0	18	97
6	0	18	98
6	0	18	99
6	0	18	100
6	0	18	101
6	0	18	102
6	0	18	103
6	0	18	104
6	0	18	105
6	0	18	106
6	0	18	107
6	0	18	108
6	0	18	109
6	0	18	110
6	0	18	111
6	0	18	112
6	0	18	113
6	0	18	114
6	0	18	115
6	0	18	116
6	0	18	117
6	0	18	118
6	0	18	119
6	0	18	120
6	0	18	121
6	0	18	122
6	0	18	123
6	0	18	124
6	0	18	125
6	0	18	126
6	0	18	127
6	0	19	0
6	0	19	1
6	0	19	2
6	0	19	3
6	0	19	4
6	0	19	5
6	0	19	6
6	0	19	7
6	0	19	8
6	0	19	9
6	0	19	10
6	0	19	11
6	0	19	12
6	0	19	13
6	0	19	14
6	0	19	15
6	0	19	16
6	0	19	17
6	0	19	18
6	0	19	19
6	0	19	20
6	0	19	21
6	0	19	22
6	0	19	23
6	0	19	24
6	0	19	25
6	0	19	26
6	0	19	27
6	0	19	28
6	0	19	29
6	0	19	30
6	0	19	31
6	0	19	32
6	0	19	33
6	0	19	34
6	0	19	35
6	0	19	36
6	0	19	37
6	0	19	38
6	0	19	39
6	0	19	40
6	0	19	41
6	0	19	42
6	0	19	43
6	0	19	44
6	0	19	45
6	0	19	46
6	0	19	47
6	0	19	48
6	0	19	49
6	0	19	50
6	0	19	51
6	0	19	52
6	0	19	53
6	0	19	54
6	0	19	55
6	0	19	56
6	0	19	57
6	0	19	58
6	0	19	59
6	0	19	60
6	0	19	61
6	0	19	62
6	0	19	63
6	0	19	64
6	0	19	65
6	0	19	66
6	0	19	67
6	0	19	68
6	0	19	69
6	0	19	70
6	0	19	71
6	0	19	72
6	0	19	73
6	0	19	74
6	0	19	75
6	0	19	76
6	0	19	77
6	0	19	78
6	0	19	79
6	0	19	80
6	0	19	81
6	0	19	82
6	0	19	83
6	0	19	84
6	0	19	85
6	0	19	86
6	0	19	87
6	0	19	88
6	0	19	89
6	0	19	90
6	0	19	91
6	0	19	92
6	0	19	93
6	0	19	94
6	0	19	95
6	0	19	96
6	0	19	97
6	0	19	98
6	0	19	99
6	0	19	100
6	0	19	101
6	0	19	102
6	0	19	103
6	0	19	104
6	0	19	105
6	0	19	106
6	0	19	107
6	0	19	108
6	0	19	109
6	0	19	110
6	0	19	111
6	0	19	112
6	0	19	113
6	0	19	114
6	0	19	115
6	0	19	116
6	0	19	117
6	0	19	118
6	0	19	119
6	0	19	120
6	0	19	121
6	0	19	122
6	0	19	123
6	0	19	124
6	0	19	125
6	0	19	126
6	0	19	127
6	0	20	0
6	0	20	1
6	0	20	2
6	0	20	3
6	0	20	4
6	0	20	5
6	0	20	6
6	0	20	7
6	0	20	8
6	0	20	9
6	0	20	10
6	0	20	11
6	0	20	12
6	0	20	13
6	0	20	14
6	0	20	15
6	0	20	16
6	0	20	17
6	0	20	18
6	0	20	19
6	0	20	20
6	0	20	21
6	0	20	22
6	0	20	23
6	0	20	24
6	0	20	25
6	0	20	26
6	0	20	27
6	0	20	28
6	0	20	29
6	0	20	30
6	0	20	31
6	0	20	32
6	0	20	33
6	0	20	34
6	0	20	35
6	0	20	36
6	0	20	37
6	0	20	38
6	0	20	39
6	0	20	40
6	0	20	41
6	0	20	42
6	0	20	43
6	0	20	44
6	0	20	45
6	0	20	46
6	0	20	47
6	0	20	48
6	0	20	49
6	0	20	50
6	0	20	51
6	0	20	52
6	0	20	53
6	0	20	54
6	0	20	55
6	0	20	56
6	0	20	57
6	0	20	58
6	0	20	59
6	0	20	60
6	0	20	61
6	0	20	62
6	0	20	63
6	0	20	64
6	0	20	65
6	0	20	66
6	0	20	67
6	0	20	68
6	0	20	69
6	0	20	70
6	0	20	71
6	0	20	72
6	0	20	73
6	0	20	74
6	0	20	75
6	0	20	76
6	0	20	77
6	0	20	78
6	0	20	79
6	0	20	80
6	0	20	81
6	0	20	82
6	0	20	83
6	0	20	84
6	0	20	85
6	0	20	86
6	0	20	87
6	0	20	88
6	0	20	89
6	0	20	90
6	0	20	91
6	0	20	92
6	0	20	93
6	0	20	94
6	0	20	95
6	0	20	96
6	0	20	97
6	0	20	98
6	0	20	99
6	0	20	100
6	0	20	101
6	0	20	102
6	0	20	103
6	0	20	104
6	0	20	105
6	0	20	106
6	0	20	107
6	0	20	108
6	0	20	109
6	0	20	110
6	0	20	111
6	0	20	112
6	0	20	113
6	0	20	114
6	0	20	115
6	0	20	116
6	0	20	117
6	0	20	118
6	0	20	119
6	0	20	120
6	0	20	121
6	0	20	122
6	0	20	123
6	0	20	124
6	0	20	125
6	0	20	126
6	0	20	127
6	0	21	0
6	0	21	1
6	0	21	2
6	0	21	3
6	0	21	4
6	0	21	5
6	0	21	6
6	0	21	7
6	0	21	8
6	0	21	9
6	0	21	10
6	0	21	11
6	0	21	12
6	0	21	13
6	0	21	14
6	0	21	15
6	0	21	16
6	0	21	17
6	0	21	18
6	0	21	19
6	0	21	20
6	0	21	21
6	0	21	22
6	0	21	23
6	0	21	24
6	0	21	25
6	0	21	26
6	0	21	27
6	0	21	28
6	0	21	29
6	0	21	30
6	0	21	31
6	0	21	32
6	0	21	33
6	0	21	34
6	0	21	35
6	0	21	36
6	0	21	37
6	0	21	38
6	0	21	39
6	0	21	40
6	0	21	41
6	0	21	42
6	0	21	43
6	0	21	44
6	0	21	45
6	0	21	46
6	0	21	47
6	0	21	48
6	0	21	49
6	0	21	50
6	0	21	51
6	0	21	52
6	0	21	53
6	0	21	54
6	0	21	55
6	0	21	56
6	0	21	57
6	0	21	58
6	0	21	59
6	0	21	60
6	0	21	61
6	0	21	62
6	0	21	63
6	0	21	64
6	0	21	65
6	0	21	66
6	0	21	67
6	0	21	68
6	0	21	69
6	0	21	70
6	0	21	71
6	0	21	72
6	0	21	73
6	0	21	74
6	0	21	75
6	0	21	76
6	0	21	77
6	0	21	78
6	0	21	79
6	0	21	80
6	0	21	81
6	0	21	82
6	0	21	83
6	0	21	84
6	0	21	85
6	0	21	86
6	0	21	87
6	0	21	88
6	0	21	89
6	0	21	90
6	0	21	91
6	0	21	92
6	0	21	93
6	0	21	94
6	0	21	95
6	0	21	96
6	0	21	97
6	0	21	98
6	0	21	99
6	0	21	100
6	0	21	101
6	0	21	102
6	0	21	103
6	0	21	104
6	0	21	105
6	0	21	106
6	0	21	107
6	0	21	108
6	0	21	109
6	0	21	110
6	0	21	111
6	0	21	112
6	0	21	113
6	0	21	114
6	0	21	115
6	0	21	116
6	0	21	117
6	0	21	118
6	0	21	119
6	0	21	120
6	0	21	121
6	0	21	122
6	0	21	123
6	0	21	124
6	0	21	125
6	0	21	126
6	0	21	127
6	0	22	0
6	0	22	1
6	0	22	2
6	0	22	3
6	0	22	4
6	0	22	5
6	0	22	6
6	0	22	7
6	0	22	8
6	0	22	9
6	0	22	10
6	0	22	11
6	0	22	12
6	0	22	13
6	0	22	14
6	0	22	15
6	0	22	16
6	0	22	17
6	0	22	18
6	0	22	19
6	0	22	20
6	0	22	21
6	0	22	22
6	0	22	23
6	0	22	24
6	0	22	25
6	0	22	26
6	0	22	27
6	0	22	28
6	0	22	29
6	0	22	30
6	0	22	31
6	0	22	32
6	0	22	33
6	0	22	34
6	0	22	35
6	0	22	36
6	0	22	37
6	0	22	38
6	0	22	39
6	0	22	40
6	0	22	41
6	0	22	42
6	0	22	43
6	0	22	44
6	0	22	45
6	0	22	46
6	0	22	47
6	0	22	48
6	0	22	49
6	0	22	50
6	0	22	51
6	0	22	52
6	0	22	53
6	0	22	54
6	0	22	55
6	0	22	56
6	0	22	57
6	0	22	58
6	0	22	59
6	0	22	60
6	0	22	61
6	0	22	62
6	0	22	63
6	0	22	64
6	0	22	65
6	0	22	66
6	0	22	67
6	0	22	68
6	0	22	69
6	0	22	70
6	0	22	71
6	0	22	72
6	0	22	73
6	0	22	74
6	0	22	75
6	0	22	76
6	0	22	77
6	0	22	78
6	0	22	79
6	0	22	80
6	0	22	81
6	0	22	82
6	0	22	83
6	0	22	84
6	0	22	85
6	0	22	86
6	0	22	87
6	0	22	88
6	0	22	89
6	0	22	90
6	0	22	91
6	0	22	92
6	0	22	93
6	0	22	94
6	0	22	95
6	0	22	96
6	0	22	97
6	0	22	98
6	0	22	99
6	0	22	100
6	0	22	101
6	0	22	102
6	0	22	103
6	0	22	104
6	0	22	105
6	0	22	106
6	0	22	107
6	0	22	108
6	0	22	109
6	0	22	110
6	0	22	111
6	0	22	112
6	0	22	113
6	0	22	114
6	0	22	115
6	0	22	116
6	0	22	117
6	0	22	118
6	0	22	119
6	0	22	120
6	0	22	121
6	0	22	122
6	0	22	123
6	0	22	124
6	0	22	125
6	0	22	126
6	0	22	127
6	0	23	0
6	0	23	1
6	0	23	2
6	0	23	3
6	0	23	4
6	0	23	5
6	0	23	6
6	0	23	7
6	0	23	8
6	0	23	9
6	0	23	10
6	0	23	11
6	0	23	12
6	0	23	13
6	0	23	14
6	0	23	15
6	0	23	16
6	0	23	17
6	0	23	18
6	0	23	19
6	0	23	20
6	0	23	21
6	0	23	22
6	0	23	23
6	0	23	24
6	0	23	25
6	0	23	26
6	0	23	27
6	0	23	28
6	0	23	29
6	0	23	30
6	0	23	31
6	0	23	32
6	0	23	33
6	0	23	34
6	0	23	35
6	0	23	36
6	0	23	37
6	0	23	38
6	0	23	39
6	0	23	40
6	0	23	41
6	0	23	42
6	0	23	43
6	0	23	44
6	0	23	45
6	0	23	46
6	0	23	47
6	0	23	48
6	0	23	49
6	0	23	50
6	0	23	51
6	0	23	52
6	0	23	53
6	0	23	54
6	0	23	55
6	0	23	56
6	0	23	57
6	0	23	58
6	0	23	59
6	0	23	60
6	0	23	61
6	0	23	62
6	0	23	63
6	0	23	64
6	0	23	65
6	0	23	66
6	0	23	67
6	0	23	68
6	0	23	69
6	0	23	70
6	0	23	71
6	0	23	72
6	0	23	73
6	0	23	74
6	0	23	75
6	0	23	76
6	0	23	77
6	0	23	78
6	0	23	79
6	0	23	80
6	0	23	81
6	0	23	82
6	0	23	83
6	0	23	84
6	0	23	85
6	0	23	86
6	0	23	87
6	0	23	88
6	0	23	89
6	0	23	90
6	0	23	91
6	0	23	92
6	0	23	93
6	0	23	94
6	0	23	95
6	0	23	96
6	0	23	97
6	0	23	98
6	0	23	99
6	0	23	100
6	0	23	101
6	0	23	102
6	0	23	103
6	0	23	104
6	0	23	105
6	0	23	106
6	0	23	107
6	0	23	108
6	0	23	109
6	0	23	110
6	0	23	111
6	0	23	112
6	0	23	113
6	0	23	114
6	0	23	115
6	0	23	116
6	0	23	117
6	0	23	118
6	0	23	119
6	0	23	120
6	0	23	121
6	0	23	122
6	0	23	123
6	0	23	124
6	0	23	125
6	0	23	126
6	0	23	127
6	0	24	0
6	0	24	1
6	0	24	2
6	0	24	3
6	0	24	4
6	0	24	5
6	0	24	6
6	0	24	7
6	0	24	8
6	0	24	9
6	0	24	10
6	0	24	11
6	0	24	12
6	0	24	13
6	0	24	14
6	0	24	15
6	0	24	16
6	0	24	17
6	0	24	18
6	0	24	19
6	0	24	20
6	0	24	21
6	0	24	22
6	0	24	23
6	0	24	24
6	0	24	25
6	0	24	26
6	0	24	27
6	0	24	28
6	0	24	29
6	0	24	30
6	0	24	31
6	0	24	32
6	0	24	33
6	0	24	34
6	0	24	35
6	0	24	36
6	0	24	37
6	0	24	38
6	0	24	39
6	0	24	40
6	0	24	41
6	0	24	42
6	0	24	43
6	0	24	44
6	0	24	45
6	0	24	46
6	0	24	47
6	0	24	48
6	0	24	49
6	0	24	50
6	0	24	51
6	0	24	52
6	0	24	53
6	0	24	54
6	0	24	55
6	0	24	56
6	0	24	57
6	0	24	58
6	0	24	59
6	0	24	60
6	0	24	61
6	0	24	62
6	0	24	63
6	0	24	64
6	0	24	65
6	0	24	66
6	0	24	67
6	0	24	68
6	0	24	69
6	0	24	70
6	0	24	71
6	0	24	72
6	0	24	73
6	0	24	74
6	0	24	75
6	0	24	76
6	0	24	77
6	0	24	78
6	0	24	79
6	0	24	80
6	0	24	81
6	0	24	82
6	0	24	83
6	0	24	84
6	0	24	85
6	0	24	86
6	0	24	87
6	0	24	88
6	0	24	89
6	0	24	90
6	0	24	91
6	0	24	92
6	0	24	93
6	0	24	94
6	0	24	95
6	0	24	96
6	0	24	97
6	0	24	98
6	0	24	99
6	0	24	100
6	0	24	101
6	0	24	102
6	0	24	103
6	0	24	104
6	0	24	105
6	0	24	106
6	0	24	107
6	0	24	108
6	0	24	109
6	0	24	110
6	0	24	111
6	0	24	112
6	0	24	113
6	0	24	114
6	0	24	115
6	0	24	116
6	0	24	117
6	0	24	118
6	0	24	119
6	0	24	120
6	0	24	121
6	0	24	122
6	0	24	123
6	0	24	124
6	0	24	125
6	0	24	126
6	0	24	127
6	0	25	0
6	0	25	1
6	0	25	2
6	0	25	3
6	0	25	4
6	0	25	5
6	0	25	6
6	0	25	7
6	0	25	8
6	0	25	9
6	0	25	10
6	0	25	11
6	0	25	12
6	0	25	13
6	0	25	14
6	0	25	15
6	0	25	16
6	0	25	17
6	0	25	18
6	0	25	19
6	0	25	20
6	0	25	21
6	0	25	22
6	0	25	23
6	0	25	24
6	0	25	25
6	0	25	26
6	0	25	27
6	0	25	28
6	0	25	29
6	0	25	30
6	0	25	31
6	0	25	32
6	0	25	33
6	0	25	34
6	0	25	35
6	0	25	36
6	0	25	37
6	0	25	38
6	0	25	39
6	0	25	40
6	0	25	41
6	0	25	42
6	0	25	43
6	0	25	44
6	0	25	45
6	0	25	46
6	0	25	47
6	0	25	48
6	0	25	49
6	0	25	50
6	0	25	51
6	0	25	52
6	0	25	53
6	0	25	54
6	0	25	55
6	0	25	56
6	0	25	57
6	0	25	58
6	0	25	59
6	0	25	60
6	0	25	61
6	0	25	62
6	0	25	63
6	0	25	64
6	0	25	65
6	0	25	66
6	0	25	67
6	0	25	68
6	0	25	69
6	0	25	70
6	0	25	71
6	0	25	72
6	0	25	73
6	0	25	74
6	0	25	75
6	0	25	76
6	0	25	77
6	0	25	78
6	0	25	79
6	0	25	80
6	0	25	81
6	0	25	82
6	0	25	83
6	0	25	84
6	0	25	85
6	0	25	86
6	0	25	87
6	0	25	88
6	0	25	89
6	0	25	90
6	0	25	91
6	0	25	92
6	0	25	93
6	0	25	94
6	0	25	95
6	0	25	96
6	0	25	97
6	0	25	98
6	0	25	99
6	0	25	100
6	0	25	101
6	0	25	102
6	0	25	103
6	0	25	104
6	0	25	105
6	0	25	106
6	0	25	107
6	0	25	108
6	0	25	109
6	0	25	110
6	0	25	111
6	0	25	112
6	0	25	113
6	0	25	114
6	0	25	115
6	0	25	116
6	0	25	117
6	0	25	118
6	0	25	119
6	0	25	120
6	0	25	121
6	0	25	122
6	0	25	123
6	0	25	124
6	0	25	125
6	0	25	126
6	0	25	127
6	1	0	0
6	1	0	1
6	1	0	2
6	1	0	3
6	1	0	4
6	1	0	5
6	1	0	6
6	1	0	7
6	1	0	8
6	1	0	9
6	1	0	10
6	1	0	11
6	1	0	12
6	1	0	13
6	1	0	14
6	1	0	15
6	1	0	16
6	1	0	17
6	1	0	18
6	1	0	19
6	1	0	20
6	1	0	21
6	1	0	22
6	1	0	23
6	1	0	24
6	1	0	25
6	1	0	26
6	1	0	27
6	1	0	28
6	1	0	29
6	1	0	30
6	1	0	31
6	1	0	32
6	1	0	33
6	1	0	34
6	1	0	35
6	1	0	36
6	1	0	37
6	1	0	38
6	1	0	39
6	1	0	40
6	1	0	41
6	1	0	42
6	1	0	43
6	1	0	44
6	1	0	45
6	1	0	46
6	1	0	47
6	1	0	48
6	1	0	49
6	1	0	50
6	1	0	51
6	1	0	52
6	1	0	53
6	1	0	54
6	1	0	55
6	1	0	56
6	1	0	57
6	1	0	58
6	1	0	59
6	1	0	60
6	1	0	61
6	1	0	62
6	1	0	63
6	1	0	64
6	1	0	65
6	1	0	66
6	1	0	67
6	1	0	68
6	1	0	69
6	1	0	70
6	1	0	71
6	1	0	72
6	1	0	73
6	1	0	74
6	1	0	75
6	1	0	76
6	1	0	77
6	1	0	78
6	1	0	79
6	1	0	80
6	1	0	81
6	1	0	82
6	1	0	83
6	1	0	84
6	1	0	85
6	1	0	86
6	1	0	87
6	1	0	88
6	1	0	89
6	1	0	90
6	1	0	91
6	1	0	92
6	1	0	93
6	1	0	94
6	1	0	95
6	1	0	96
6	1	0	97
6	1	0	98
6	1	0	99
6	1	0	100
6	1	0	101
6	1	0	102
6	1	0	103
6	1	0	104
6	1	0	105
6	1	0	106
6	1	0	107
6	1	0	108
6	1	0	109
6	1	0	110
6	1	0	111
6	1	0	112
6	1	0	113
6	1	0	114
6	1	0	115
6	1	0	116
6	1	0	117
6	1	0	118
6	1	0	119
6	1	0	120
6	1	0	121
6	1	0	122
6	1	0	123
6	1	0	124
6	1	0	125
6	1	0	126
6	1	0	127
6	1	1	0
6	1	1	1
6	1	1	2
6	1	1	3
6	1	1	4
6	1	1	5
6	1	1	6
6	1	1	7
6	1	1	8
6	1	1	9
6	1	1	10
6	1	1	11
6	1	1	12
6	1	1	13
6	1	1	14
6	1	1	15
6	1	1	16
6	1	1	17
6	1	1	18
6	1	1	19
6	1	1	20
6	1	1	21
6	1	1	22
6	1	1	23
6	1	1	24
6	1	1	25
6	1	1	26
6	1	1	27
6	1	1	28
6	1	1	29
6	1	1	30
6	1	1	31
6	1	1	32
6	1	1	33
6	1	1	34
6	1	1	35
6	1	1	36
6	1	1	37
6	1	1	38
6	1	1	39
6	1	1	40
6	1	1	41
6	1	1	42
6	1	1	43
6	1	1	44
6	1	1	45
6	1	1	46
6	1	1	47
6	1	1	48
6	1	1	49
6	1	1	50
6	1	1	51
6	1	1	52
6	1	1	53
6	1	1	54
6	1	1	55
6	1	1	56
6	1	1	57
6	1	1	58
6	1	1	59
6	1	1	60
6	1	1	61
6	1	1	62
6	1	1	63
6	1	1	64
6	1	1	65
6	1	1	66
6	1	1	67
6	1	1	68
6	1	1	69
6	1	1	70
6	1	1	71
6	1	1	72
6	1	1	73
6	1	1	74
6	1	1	75
6	1	1	76
6	1	1	77
6	1	1	78
6	1	1	79
6	1	1	80
6	1	1	81
6	1	1	82
6	1	1	83
6	1	1	84
6	1	1	85
6	1	1	86
6	1	1	87
6	1	1	88
6	1	1	89
6	1	1	90
6	1	1	91
6	1	1	92
6	1	1	93
6	1	1	94
6	1	1	95
6	1	1	96
6	1	1	97
6	1	1	98
6	1	1	99
6	1	1	100
6	1	1	101
6	1	1	102
6	1	1	103
6	1	1	104
6	1	1	105
6	1	1	106
6	1	1	107
6	1	1	108
6	1	1	109
6	1	1	110
6	1	1	111
6	1	1	112
6	1	1	113
6	1	1	114
6	1	1	115
6	1	1	116
6	1	1	117
6	1	1	118
6	1	1	119
6	1	1	120
6	1	1	121
6	1	1	122
6	1	1	123
6	1	1	124
6	1	1	125
6	1	1	126
6	1	1	127
6	1	2	0
6	1	2	1
6	1	2	2
6	1	2	3
6	1	2	4
6	1	2	5
6	1	2	6
6	1	2	7
6	1	2	8
6	1	2	9
6	1	2	10
6	1	2	11
6	1	2	12
6	1	2	13
6	1	2	14
6	1	2	15
6	1	2	16
6	1	2	17
6	1	2	18
6	1	2	19
6	1	2	20
6	1	2	21
6	1	2	22
6	1	2	23
6	1	2	24
6	1	2	25
6	1	2	26
6	1	2	27
6	1	2	28
6	1	2	29
6	1	2	30
6	1	2	31
6	1	2	32
6	1	2	33
6	1	2	34
6	1	2	35
6	1	2	36
6	1	2	37
6	1	2	38
6	1	2	39
6	1	2	40
6	1	2	41
6	1	2	42
6	1	2	43
6	1	2	44
6	1	2	45
6	1	2	46
6	1	2	47
6	1	2	48
6	1	2	49
6	1	2	50
6	1	2	51
6	1	2	52
6	1	2	53
6	1	2	54
6	1	2	55
6	1	2	56
6	1	2	57
6	1	2	58
6	1	2	59
6	1	2	60
6	1	2	61
6	1	2	62
6	1	2	63
6	1	2	64
6	1	2	65
6	1	2	66
6	1	2	67
6	1	2	68
6	1	2	69
6	1	2	70
6	1	2	71
6	1	2	72
6	1	2	73
6	1	2	74
6	1	2	75
6	1	2	76
6	1	2	77
6	1	2	78
6	1	2	79
6	1	2	80
6	1	2	81
6	1	2	82
6	1	2	83
6	1	2	84
6	1	2	85
6	1	2	86
6	1	2	87
6	1	2	88
6	1	2	89
6	1	2	90
6	1	2	91
6	1	2	92
6	1	2	93
6	1	2	94
6	1	2	95
6	1	2	96
6	1	2	97
6	1	2	98
6	1	2	99
6	1	2	100
6	1	2	101
6	1	2	102
6	1	2	103
6	1	2	104
6	1	2	105
6	1	2	106
6	1	2	107
6	1	2	108
6	1	2	109
6	1	2	110
6	1	2	111
6	1	2	112
6	1	2	113
6	1	2	114
6	1	2	115
6	1	2	116
6	1	2	117
6	1	2	118
6	1	2	119
6	1	2	120
6	1	2	121
6	1	2	122
6	1	2	123
6	1	2	124
6	1	2	125
6	1	2	126
6	1	2	127
6	1	3	0
6	1	3	1
6	1	3	2
6	1	3	3
6	1	3	4
6	1	3	5
6	1	3	6
6	1	3	7
6	1	3	8
6	1	3	9
6	1	3	10
6	1	3	11
6	1	3	12
6	1	3	13
6	1	3	14
6	1	3	15
6	1	3	16
6	1	3	17
6	1	3	18
6	1	3	19
6	1	3	20
6	1	3	21
6	1	3	22
6	1	3	23
6	1	3	24
6	1	3	25
6	1	3	26
6	1	3	27
6	1	3	28
6	1	3	29
6	1	3	30
6	1	3	31
6	1	3	32
6	1	3	33
6	1	3	34
6	1	3	35
6	1	3	36
6	1	3	37
6	1	3	38
6	1	3	39
6	1	3	40
6	1	3	41
6	1	3	42
6	1	3	43
6	1	3	44
6	1	3	45
6	1	3	46
6	1	3	47
6	1	3	48
6	1	3	49
6	1	3	50
6	1	3	51
6	1	3	52
6	1	3	53
6	1	3	54
6	1	3	55
6	1	3	56
6	1	3	57
6	1	3	58
6	1	3	59
6	1	3	60
6	1	3	61
6	1	3	62
6	1	3	63
6	1	3	64
6	1	3	65
6	1	3	66
6	1	3	67
6	1	3	68
6	1	3	69
6	1	3	70
6	1	3	71
6	1	3	72
6	1	3	73
6	1	3	74
6	1	3	75
6	1	3	76
6	1	3	77
6	1	3	78
6	1	3	79
6	1	3	80
6	1	3	81
6	1	3	82
6	1	3	83
6	1	3	84
6	1	3	85
6	1	3	86
6	1	3	87
6	1	3	88
6	1	3	89
6	1	3	90
6	1	3	91
6	1	3	92
6	1	3	93
6	1	3	94
6	1	3	95
6	1	3	96
6	1	3	97
6	1	3	98
6	1	3	99
6	1	3	100
6	1	3	101
6	1	3	102
6	1	3	103
6	1	3	104
6	1	3	105
6	1	3	106
6	1	3	107
6	1	3	108
6	1	3	109
6	1	3	110
6	1	3	111
6	1	3	112
6	1	3	113
6	1	3	114
6	1	3	115
6	1	3	116
6	1	3	117
6	1	3	118
6	1	3	119
6	1	3	120
6	1	3	121
6	1	3	122
6	1	3	123
6	1	3	124
6	1	3	125
6	1	3	126
6	1	3	127
6	1	4	0
6	1	4	1
6	1	4	2
6	1	4	3
6	1	4	4
6	1	4	5
6	1	4	6
6	1	4	7
6	1	4	8
6	1	4	9
6	1	4	10
6	1	4	11
6	1	4	12
6	1	4	13
6	1	4	14
6	1	4	15
6	1	4	16
6	1	4	17
6	1	4	18
6	1	4	19
6	1	4	20
6	1	4	21
6	1	4	22
6	1	4	23
6	1	4	24
6	1	4	25
6	1	4	26
6	1	4	27
6	1	4	28
6	1	4	29
6	1	4	30
6	1	4	31
6	1	4	32
6	1	4	33
6	1	4	34
6	1	4	35
6	1	4	36
6	1	4	37
6	1	4	38
6	1	4	39
6	1	4	40
6	1	4	41
6	1	4	42
6	1	4	43
6	1	4	44
6	1	4	45
6	1	4	46
6	1	4	47
6	1	4	48
6	1	4	49
6	1	4	50
6	1	4	51
6	1	4	52
6	1	4	53
6	1	4	54
6	1	4	55
6	1	4	56
6	1	4	57
6	1	4	58
6	1	4	59
6	1	4	60
6	1	4	61
6	1	4	62
6	1	4	63
6	1	4	64
6	1	4	65
6	1	4	66
6	1	4	67
6	1	4	68
6	1	4	69
6	1	4	70
6	1	4	71
6	1	4	72
6	1	4	73
6	1	4	74
6	1	4	75
6	1	4	76
6	1	4	77
6	1	4	78
6	1	4	79
6	1	4	80
6	1	4	81
6	1	4	82
6	1	4	83
6	1	4	84
6	1	4	85
6	1	4	86
6	1	4	87
6	1	4	88
6	1	4	89
6	1	4	90
6	1	4	91
6	1	4	92
6	1	4	93
6	1	4	94
6	1	4	95
6	1	4	96
6	1	4	97
6	1	4	98
6	1	4	99
6	1	4	100
6	1	4	101
6	1	4	102
6	1	4	103
6	1	4	104
6	1	4	105
6	1	4	106
6	1	4	107
6	1	4	108
6	1	4	109
6	1	4	110
6	1	4	111
6	1	4	112
6	1	4	113
6	1	4	114
6	1	4	115
6	1	4	116
6	1	4	117
6	1	4	118
6	1	4	119
6	1	4	120
6	1	4	121
6	1	4	122
6	1	4	123
6	1	4	124
6	1	4	125
6	1	4	126
6	1	4	127
6	1	5	0
6	1	5	1
6	1	5	2
6	1	5	3
6	1	5	4
6	1	5	5
6	1	5	6
6	1	5	7
6	1	5	8
6	1	5	9
6	1	5	10
6	1	5	11
6	1	5	12
6	1	5	13
6	1	5	14
6	1	5	15
6	1	5	16
6	1	5	17
6	1	5	18
6	1	5	19
6	1	5	20
6	1	5	21
6	1	5	22
6	1	5	23
6	1	5	24
6	1	5	25
6	1	5	26
6	1	5	27
6	1	5	28
6	1	5	29
6	1	5	30
6	1	5	31
6	1	5	32
6	1	5	33
6	1	5	34
6	1	5	35
6	1	5	36
6	1	5	37
6	1	5	38
6	1	5	39
6	1	5	40
6	1	5	41
6	1	5	42
6	1	5	43
6	1	5	44
6	1	5	45
6	1	5	46
6	1	5	47
6	1	5	48
6	1	5	49
6	1	5	50
6	1	5	51
6	1	5	52
6	1	5	53
6	1	5	54
6	1	5	55
6	1	5	56
6	1	5	57
6	1	5	58
6	1	5	59
6	1	5	60
6	1	5	61
6	1	5	62
6	1	5	63
6	1	5	64
6	1	5	65
6	1	5	66
6	1	5	67
6	1	5	68
6	1	5	69
6	1	5	70
6	1	5	71
6	1	5	72
6	1	5	73
6	1	5	74
6	1	5	75
6	1	5	76
6	1	5	77
6	1	5	78
6	1	5	79
6	1	5	80
6	1	5	81
6	1	5	82
6	1	5	83
6	1	5	84
6	1	5	85
6	1	5	86
6	1	5	87
6	1	5	88
6	1	5	89
6	1	5	90
6	1	5	91
6	1	5	92
6	1	5	93
6	1	5	94
6	1	5	95
6	1	5	96
6	1	5	97
6	1	5	98
6	1	5	99
6	1	5	100
6	1	5	101
6	1	5	102
6	1	5	103
6	1	5	104
6	1	5	105
6	1	5	106
6	1	5	107
6	1	5	108
6	1	5	109
6	1	5	110
6	1	5	111
6	1	5	112
6	1	5	113
6	1	5	114
6	1	5	115
6	1	5	116
6	1	5	117
6	1	5	118
6	1	5	119
6	1	5	120
6	1	5	121
6	1	5	122
6	1	5	123
6	1	5	124
6	1	5	125
6	1	5	126
6	1	5	127
6	1	6	0
6	1	6	1
6	1	6	2
6	1	6	3
6	1	6	4
6	1	6	5
6	1	6	6
6	1	6	7
6	1	6	8
6	1	6	9
6	1	6	10
6	1	6	11
6	1	6	12
6	1	6	13
6	1	6	14
6	1	6	15
6	1	6	16
6	1	6	17
6	1	6	18
6	1	6	19
6	1	6	20
6	1	6	21
6	1	6	22
6	1	6	23
6	1	6	24
6	1	6	25
6	1	6	26
6	1	6	27
6	1	6	28
6	1	6	29
6	1	6	30
6	1	6	31
6	1	6	32
6	1	6	33
6	1	6	34
6	1	6	35
6	1	6	36
6	1	6	37
6	1	6	38
6	1	6	39
6	1	6	40
6	1	6	41
6	1	6	42
6	1	6	43
6	1	6	44
6	1	6	45
6	1	6	46
6	1	6	47
6	1	6	48
6	1	6	49
6	1	6	50
6	1	6	51
6	1	6	52
6	1	6	53
6	1	6	54
6	1	6	55
6	1	6	56
6	1	6	57
6	1	6	58
6	1	6	59
6	1	6	60
6	1	6	61
6	1	6	62
6	1	6	63
6	1	6	64
6	1	6	65
6	1	6	66
6	1	6	67
6	1	6	68
6	1	6	69
6	1	6	70
6	1	6	71
6	1	6	72
6	1	6	73
6	1	6	74
6	1	6	75
6	1	6	76
6	1	6	77
6	1	6	78
6	1	6	79
6	1	6	80
6	1	6	81
6	1	6	82
6	1	6	83
6	1	6	84
6	1	6	85
6	1	6	86
6	1	6	87
6	1	6	88
6	1	6	89
6	1	6	90
6	1	6	91
6	1	6	92
6	1	6	93
6	1	6	94
6	1	6	95
6	1	6	96
6	1	6	97
6	1	6	98
6	1	6	99
6	1	6	100
6	1	6	101
6	1	6	102
6	1	6	103
6	1	6	104
6	1	6	105
6	1	6	106
6	1	6	107
6	1	6	108
6	1	6	109
6	1	6	110
6	1	6	111
6	1	6	112
6	1	6	113
6	1	6	114
6	1	6	115
6	1	6	116
6	1	6	117
6	1	6	118
6	1	6	119
6	1	6	120
6	1	6	121
6	1	6	122
6	1	6	123
6	1	6	124
6	1	6	125
6	1	6	126
6	1	6	127
6	1	7	0
6	1	7	1
6	1	7	2
6	1	7	3
6	1	7	4
6	1	7	5
6	1	7	6
6	1	7	7
6	1	7	8
6	1	7	9
6	1	7	10
6	1	7	11
6	1	7	12
6	1	7	13
6	1	7	14
6	1	7	15
6	1	7	16
6	1	7	17
6	1	7	18
6	1	7	19
6	1	7	20
6	1	7	21
6	1	7	22
6	1	7	23
6	1	7	24
6	1	7	25
6	1	7	26
6	1	7	27
6	1	7	28
6	1	7	29
6	1	7	30
6	1	7	31
6	1	7	32
6	1	7	33
6	1	7	34
6	1	7	35
6	1	7	36
6	1	7	37
6	1	7	38
6	1	7	39
6	1	7	40
6	1	7	41
6	1	7	42
6	1	7	43
6	1	7	44
6	1	7	45
6	1	7	46
6	1	7	47
6	1	7	48
6	1	7	49
6	1	7	50
6	1	7	51
6	1	7	52
6	1	7	53
6	1	7	54
6	1	7	55
6	1	7	56
6	1	7	57
6	1	7	58
6	1	7	59
6	1	7	60
6	1	7	61
6	1	7	62
6	1	7	63
6	1	7	64
6	1	7	65
6	1	7	66
6	1	7	67
6	1	7	68
6	1	7	69
6	1	7	70
6	1	7	71
6	1	7	72
6	1	7	73
6	1	7	74
6	1	7	75
6	1	7	76
6	1	7	77
6	1	7	78
6	1	7	79
6	1	7	80
6	1	7	81
6	1	7	82
6	1	7	83
6	1	7	84
6	1	7	85
6	1	7	86
6	1	7	87
6	1	7	88
6	1	7	89
6	1	7	90
6	1	7	91
6	1	7	92
6	1	7	93
6	1	7	94
6	1	7	95
6	1	7	96
6	1	7	97
6	1	7	98
6	1	7	99
6	1	7	100
6	1	7	101
6	1	7	102
6	1	7	103
6	1	7	104
6	1	7	105
6	1	7	106
6	1	7	107
6	1	7	108
6	1	7	109
6	1	7	110
6	1	7	111
6	1	7	112
6	1	7	113
6	1	7	114
6	1	7	115
6	1	7	116
6	1	7	117
6	1	7	118
6	1	7	119
6	1	7	120
6	1	7	121
6	1	7	122
6	1	7	123
6	1	7	124
6	1	7	125
6	1	7	126
6	1	7	127
6	1	8	0
6	1	8	1
6	1	8	2
6	1	8	3
6	1	8	4
6	1	8	5
6	1	8	6
6	1	8	7
6	1	8	8
6	1	8	9
6	1	8	10
6	1	8	11
6	1	8	12
6	1	8	13
6	1	8	14
6	1	8	15
6	1	8	16
6	1	8	17
6	1	8	18
6	1	8	19
6	1	8	20
6	1	8	21
6	1	8	22
6	1	8	23
6	1	8	24
6	1	8	25
6	1	8	26
6	1	8	27
6	1	8	28
6	1	8	29
6	1	8	30
6	1	8	31
6	1	8	32
6	1	8	33
6	1	8	34
6	1	8	35
6	1	8	36
6	1	8	37
6	1	8	38
6	1	8	39
6	1	8	40
6	1	8	41
6	1	8	42
6	1	8	43
6	1	8	44
6	1	8	45
6	1	8	46
6	1	8	47
6	1	8	48
6	1	8	49
6	1	8	50
6	1	8	51
6	1	8	52
6	1	8	53
6	1	8	54
6	1	8	55
6	1	8	56
6	1	8	57
6	1	8	58
6	1	8	59
6	1	8	60
6	1	8	61
6	1	8	62
6	1	8	63
6	1	8	64
6	1	8	65
6	1	8	66
6	1	8	67
6	1	8	68
6	1	8	69
6	1	8	70
6	1	8	71
6	1	8	72
6	1	8	73
6	1	8	74
6	1	8	75
6	1	8	76
6	1	8	77
6	1	8	78
6	1	8	79
6	1	8	80
6	1	8	81
6	1	8	82
6	1	8	83
6	1	8	84
6	1	8	85
6	1	8	86
6	1	8	87
6	1	8	88
6	1	8	89
6	1	8	90
6	1	8	91
6	1	8	92
6	1	8	93
6	1	8	94
6	1	8	95
6	1	8	96
6	1	8	97
6	1	8	98
6	1	8	99
6	1	8	100
6	1	8	101
6	1	8	102
6	1	8	103
6	1	8	104
6	1	8	105
6	1	8	106
6	1	8	107
6	1	8	108
6	1	8	109
6	1	8	110
6	1	8	111
6	1	8	112
6	1	8	113
6	1	8	114
6	1	8	115
6	1	8	116
6	1	8	117
6	1	8	118
6	1	8	119
6	1	8	120
6	1	8	121
6	1	8	122
6	1	8	123
6	1	8	124
6	1	8	125
6	1	8	126
6	1	8	127
6	1	9	0
6	1	9	1
6	1	9	2
6	1	9	3
6	1	9	4
6	1	9	5
6	1	9	6
6	1	9	7
6	1	9	8
6	1	9	9
6	1	9	10
6	1	9	11
6	1	9	12
6	1	9	13
6	1	9	14
6	1	9	15
6	1	9	16
6	1	9	17
6	1	9	18
6	1	9	19
6	1	9	20
6	1	9	21
6	1	9	22
6	1	9	23
6	1	9	24
6	1	9	25
6	1	9	26
6	1	9	27
6	1	9	28
6	1	9	29
6	1	9	30
6	1	9	31
6	1	9	32
6	1	9	33
6	1	9	34
6	1	9	35
6	1	9	36
6	1	9	37
6	1	9	38
6	1	9	39
6	1	9	40
6	1	9	41
6	1	9	42
6	1	9	43
6	1	9	44
6	1	9	45
6	1	9	46
6	1	9	47
6	1	9	48
6	1	9	49
6	1	9	50
6	1	9	51
6	1	9	52
6	1	9	53
6	1	9	54
6	1	9	55
6	1	9	56
6	1	9	57
6	1	9	58
6	1	9	59
6	1	9	60
6	1	9	61
6	1	9	62
6	1	9	63
6	1	9	64
6	1	9	65
6	1	9	66
6	1	9	67
6	1	9	68
6	1	9	69
6	1	9	70
6	1	9	71
6	1	9	72
6	1	9	73
6	1	9	74
6	1	9	75
6	1	9	76
6	1	9	77
6	1	9	78
6	1	9	79
6	1	9	80
6	1	9	81
6	1	9	82
6	1	9	83
6	1	9	84
6	1	9	85
6	1	9	86
6	1	9	87
6	1	9	88
6	1	9	89
6	1	9	90
6	1	9	91
6	1	9	92
6	1	9	93
6	1	9	94
6	1	9	95
6	1	9	96
6	1	9	97
6	1	9	98
6	1	9	99
6	1	9	100
6	1	9	101
6	1	9	102
6	1	9	103
6	1	9	104
6	1	9	105
6	1	9	106
6	1	9	107
6	1	9	108
6	1	9	109
6	1	9	110
6	1	9	111
6	1	9	112
6	1	9	113
6	1	9	114
6	1	9	115
6	1	9	116
6	1	9	117
6	1	9	118
6	1	9	119
6	1	9	120
6	1	9	121
6	1	9	122
6	1	9	123
6	1	9	124
6	1	9	125
6	1	9	126
6	1	9	127
6	1	10	0
6	1	10	1
6	1	10	2
6	1	10	3
6	1	10	4
6	1	10	5
6	1	10	6
6	1	10	7
6	1	10	8
6	1	10	9
6	1	10	10
6	1	10	11
6	1	10	12
6	1	10	13
6	1	10	14
6	1	10	15
6	1	10	16
6	1	10	17
6	1	10	18
6	1	10	19
6	1	10	20
6	1	10	21
6	1	10	22
6	1	10	23
6	1	10	24
6	1	10	25
6	1	10	26
6	1	10	27
6	1	10	28
6	1	10	29
6	1	10	30
6	1	10	31
6	1	10	32
6	1	10	33
6	1	10	34
6	1	10	35
6	1	10	36
6	1	10	37
6	1	10	38
6	1	10	39
6	1	10	40
6	1	10	41
6	1	10	42
6	1	10	43
6	1	10	44
6	1	10	45
6	1	10	46
6	1	10	47
6	1	10	48
6	1	10	49
6	1	10	50
6	1	10	51
6	1	10	52
6	1	10	53
6	1	10	54
6	1	10	55
6	1	10	56
6	1	10	57
6	1	10	58
6	1	10	59
6	1	10	60
6	1	10	61
6	1	10	62
6	1	10	63
6	1	10	64
6	1	10	65
6	1	10	66
6	1	10	67
6	1	10	68
6	1	10	69
6	1	10	70
6	1	10	71
6	1	10	72
6	1	10	73
6	1	10	74
6	1	10	75
6	1	10	76
6	1	10	77
6	1	10	78
6	1	10	79
6	1	10	80
6	1	10	81
6	1	10	82
6	1	10	83
6	1	10	84
6	1	10	85
6	1	10	86
6	1	10	87
6	1	10	88
6	1	10	89
6	1	10	90
6	1	10	91
6	1	10	92
6	1	10	93
6	1	10	94
6	1	10	95
6	1	10	96
6	1	10	97
6	1	10	98
6	1	10	99
6	1	10	100
6	1	10	101
6	1	10	102
6	1	10	103
6	1	10	104
6	1	10	105
6	1	10	106
6	1	10	107
6	1	10	108
6	1	10	109
6	1	10	110
6	1	10	111
6	1	10	112
6	1	10	113
6	1	10	114
6	1	10	115
6	1	10	116
6	1	10	117
6	1	10	118
6	1	10	119
6	1	10	120
6	1	10	121
6	1	10	122
6	1	10	123
6	1	10	124
6	1	10	125
6	1	10	126
6	1	10	127
6	1	11	0
6	1	11	1
6	1	11	2
6	1	11	3
6	1	11	4
6	1	11	5
6	1	11	6
6	1	11	7
6	1	11	8
6	1	11	9
6	1	11	10
6	1	11	11
6	1	11	12
6	1	11	13
6	1	11	14
6	1	11	15
6	1	11	16
6	1	11	17
6	1	11	18
6	1	11	19
6	1	11	20
6	1	11	21
6	1	11	22
6	1	11	23
6	1	11	24
6	1	11	25
6	1	11	26
6	1	11	27
6	1	11	28
6	1	11	29
6	1	11	30
6	1	11	31
6	1	11	32
6	1	11	33
6	1	11	34
6	1	11	35
6	1	11	36
6	1	11	37
6	1	11	38
6	1	11	39
6	1	11	40
6	1	11	41
6	1	11	42
6	1	11	43
6	1	11	44
6	1	11	45
6	1	11	46
6	1	11	47
6	1	11	48
6	1	11	49
6	1	11	50
6	1	11	51
6	1	11	52
6	1	11	53
6	1	11	54
6	1	11	55
6	1	11	56
6	1	11	57
6	1	11	58
6	1	11	59
6	1	11	60
6	1	11	61
6	1	11	62
6	1	11	63
6	1	11	64
6	1	11	65
6	1	11	66
6	1	11	67
6	1	11	68
6	1	11	69
6	1	11	70
6	1	11	71
6	1	11	72
6	1	11	73
6	1	11	74
6	1	11	75
6	1	11	76
6	1	11	77
6	1	11	78
6	1	11	79
6	1	11	80
6	1	11	81
6	1	11	82
6	1	11	83
6	1	11	84
6	1	11	85
6	1	11	86
6	1	11	87
6	1	11	88
6	1	11	89
6	1	11	90
6	1	11	91
6	1	11	92
6	1	11	93
6	1	11	94
6	1	11	95
6	1	11	96
6	1	11	97
6	1	11	98
6	1	11	99
6	1	11	100
6	1	11	101
6	1	11	102
6	1	11	103
6	1	11	104
6	1	11	105
6	1	11	106
6	1	11	107
6	1	11	108
6	1	11	109
6	1	11	110
6	1	11	111
6	1	11	112
6	1	11	113
6	1	11	114
6	1	11	115
6	1	11	116
6	1	11	117
6	1	11	118
6	1	11	119
6	1	11	120
6	1	11	121
6	1	11	122
6	1	11	123
6	1	11	124
6	1	11	125
6	1	11	126
6	1	11	127
6	1	12	0
6	1	12	1
6	1	12	2
6	1	12	3
6	1	12	4
6	1	12	5
6	1	12	6
6	1	12	7
6	1	12	8
6	1	12	9
6	1	12	10
6	1	12	11
6	1	12	12
6	1	12	13
6	1	12	14
6	1	12	15
6	1	12	16
6	1	12	17
6	1	12	18
6	1	12	19
6	1	12	20
6	1	12	21
6	1	12	22
6	1	12	23
6	1	12	24
6	1	12	25
6	1	12	26
6	1	12	27
6	1	12	28
6	1	12	29
6	1	12	30
6	1	12	31
6	1	12	32
6	1	12	33
6	1	12	34
6	1	12	35
6	1	12	36
6	1	12	37
6	1	12	38
6	1	12	39
6	1	12	40
6	1	12	41
6	1	12	42
6	1	12	43
6	1	12	44
6	1	12	45
6	1	12	46
6	1	12	47
6	1	12	48
6	1	12	49
6	1	12	50
6	1	12	51
6	1	12	52
6	1	12	53
6	1	12	54
6	1	12	55
6	1	12	56
6	1	12	57
6	1	12	58
6	1	12	59
6	1	12	60
6	1	12	61
6	1	12	62
6	1	12	63
6	1	12	64
6	1	12	65
6	1	12	66
6	1	12	67
6	1	12	68
6	1	12	69
6	1	12	70
6	1	12	71
6	1	12	72
6	1	12	73
6	1	12	74
6	1	12	75
6	1	12	76
6	1	12	77
6	1	12	78
6	1	12	79
6	1	12	80
6	1	12	81
6	1	12	82
6	1	12	83
6	1	12	84
6	1	12	85
6	1	12	86
6	1	12	87
6	1	12	88
6	1	12	89
6	1	12	90
6	1	12	91
6	1	12	92
6	1	12	93
6	1	12	94
6	1	12	95
6	1	12	96
6	1	12	97
6	1	12	98
6	1	12	99
6	1	12	100
6	1	12	101
6	1	12	102
6	1	12	103
6	1	12	104
6	1	12	105
6	1	12	106
6	1	12	107
6	1	12	108
6	1	12	109
6	1	12	110
6	1	12	111
6	1	12	112
6	1	12	113
6	1	12	114
6	1	12	115
6	1	12	116
6	1	12	117
6	1	12	118
6	1	12	119
6	1	12	120
6	1	12	121
6	1	12	122
6	1	12	123
6	1	12	124
6	1	12	125
6	1	12	126
6	1	12	127
6	1	13	0
6	1	13	1
6	1	13	2
6	1	13	3
6	1	13	4
6	1	13	5
6	1	13	6
6	1	13	7
6	1	13	8
6	1	13	9
6	1	13	10
6	1	13	11
6	1	13	12
6	1	13	13
6	1	13	14
6	1	13	15
6	1	13	16
6	1	13	17
6	1	13	18
6	1	13	19
6	1	13	20
6	1	13	21
6	1	13	22
6	1	13	23
6	1	13	24
6	1	13	25
6	1	13	26
6	1	13	27
6	1	13	28
6	1	13	29
6	1	13	30
6	1	13	31
6	1	13	32
6	1	13	33
6	1	13	34
6	1	13	35
6	1	13	36
6	1	13	37
6	1	13	38
6	1	13	39
6	1	13	40
6	1	13	41
6	1	13	42
6	1	13	43
6	1	13	44
6	1	13	45
6	1	13	46
6	1	13	47
6	1	13	48
6	1	13	49
6	1	13	50
6	1	13	51
6	1	13	52
6	1	13	53
6	1	13	54
6	1	13	55
6	1	13	56
6	1	13	57
6	1	13	58
6	1	13	59
6	1	13	60
6	1	13	61
6	1	13	62
6	1	13	63
6	1	13	64
6	1	13	65
6	1	13	66
6	1	13	67
6	1	13	68
6	1	13	69
6	1	13	70
6	1	13	71
6	1	13	72
6	1	13	73
6	1	13	74
6	1	13	75
6	1	13	76
6	1	13	77
6	1	13	78
6	1	13	79
6	1	13	80
6	1	13	81
6	1	13	82
6	1	13	83
6	1	13	84
6	1	13	85
6	1	13	86
6	1	13	87
6	1	13	88
6	1	13	89
6	1	13	90
6	1	13	91
6	1	13	92
6	1	13	93
6	1	13	94
6	1	13	95
6	1	13	96
6	1	13	97
6	1	13	98
6	1	13	99
6	1	13	100
6	1	13	101
6	1	13	102
6	1	13	103
6	1	13	104
6	1	13	105
6	1	13	106
6	1	13	107
6	1	13	108
6	1	13	109
6	1	13	110
6	1	13	111
6	1	13	112
6	1	13	113
6	1	13	114
6	1	13	115
6	1	13	116
6	1	13	117
6	1	13	118
6	1	13	119
6	1	13	120
6	1	13	121
6	1	13	122
6	1	13	123
6	1	13	124
6	1	13	125
6	1	13	126
6	1	13	127
6	1	14	0
6	1	14	1
6	1	14	2
6	1	14	3
6	1	14	4
6	1	14	5
6	1	14	6
6	1	14	7
6	1	14	8
6	1	14	9
6	1	14	10
6	1	14	11
6	1	14	12
6	1	14	13
6	1	14	14
6	1	14	15
6	1	14	16
6	1	14	17
6	1	14	18
6	1	14	19
6	1	14	20
6	1	14	21
6	1	14	22
6	1	14	23
6	1	14	24
6	1	14	25
6	1	14	26
6	1	14	27
6	1	14	28
6	1	14	29
6	1	14	30
6	1	14	31
6	1	14	32
6	1	14	33
6	1	14	34
6	1	14	35
6	1	14	36
6	1	14	37
6	1	14	38
6	1	14	39
6	1	14	40
6	1	14	41
6	1	14	42
6	1	14	43
6	1	14	44
6	1	14	45
6	1	14	46
6	1	14	47
6	1	14	48
6	1	14	49
6	1	14	50
6	1	14	51
6	1	14	52
6	1	14	53
6	1	14	54
6	1	14	55
6	1	14	56
6	1	14	57
6	1	14	58
6	1	14	59
6	1	14	60
6	1	14	61
6	1	14	62
6	1	14	63
6	1	14	64
6	1	14	65
6	1	14	66
6	1	14	67
6	1	14	68
6	1	14	69
6	1	14	70
6	1	14	71
6	1	14	72
6	1	14	73
6	1	14	74
6	1	14	75
6	1	14	76
6	1	14	77
6	1	14	78
6	1	14	79
6	1	14	80
6	1	14	81
6	1	14	82
6	1	14	83
6	1	14	84
6	1	14	85
6	1	14	86
6	1	14	87
6	1	14	88
6	1	14	89
6	1	14	90
6	1	14	91
6	1	14	92
6	1	14	93
6	1	14	94
6	1	14	95
6	1	14	96
6	1	14	97
6	1	14	98
6	1	14	99
6	1	14	100
6	1	14	101
6	1	14	102
6	1	14	103
6	1	14	104
6	1	14	105
6	1	14	106
6	1	14	107
6	1	14	108
6	1	14	109
6	1	14	110
6	1	14	111
6	1	14	112
6	1	14	113
6	1	14	114
6	1	14	115
6	1	14	116
6	1	14	117
6	1	14	118
6	1	14	119
6	1	14	120
6	1	14	121
6	1	14	122
6	1	14	123
6	1	14	124
6	1	14	125
6	1	14	126
6	1	14	127
6	1	15	0
6	1	15	1
6	1	15	2
6	1	15	3
6	1	15	4
6	1	15	5
6	1	15	6
6	1	15	7
6	1	15	8
6	1	15	9
6	1	15	10
6	1	15	11
6	1	15	12
6	1	15	13
6	1	15	14
6	1	15	15
6	1	15	16
6	1	15	17
6	1	15	18
6	1	15	19
6	1	15	20
6	1	15	21
6	1	15	22
6	1	15	23
6	1	15	24
6	1	15	25
6	1	15	26
6	1	15	27
6	1	15	28
6	1	15	29
6	1	15	30
6	1	15	31
6	1	15	32
6	1	15	33
6	1	15	34
6	1	15	35
6	1	15	36
6	1	15	37
6	1	15	38
6	1	15	39
6	1	15	40
6	1	15	41
6	1	15	42
6	1	15	43
6	1	15	44
6	1	15	45
6	1	15	46
6	1	15	47
6	1	15	48
6	1	15	49
6	1	15	50
6	1	15	51
6	1	15	52
6	1	15	53
6	1	15	54
6	1	15	55
6	1	15	56
6	1	15	57
6	1	15	58
6	1	15	59
6	1	15	60
6	1	15	61
6	1	15	62
6	1	15	63
6	1	15	64
6	1	15	65
6	1	15	66
6	1	15	67
6	1	15	68
6	1	15	69
6	1	15	70
6	1	15	71
6	1	15	72
6	1	15	73
6	1	15	74
6	1	15	75
6	1	15	76
6	1	15	77
6	1	15	78
6	1	15	79
6	1	15	80
6	1	15	81
6	1	15	82
6	1	15	83
6	1	15	84
6	1	15	85
6	1	15	86
6	1	15	87
6	1	15	88
6	1	15	89
6	1	15	90
6	1	15	91
6	1	15	92
6	1	15	93
6	1	15	94
6	1	15	95
6	1	15	96
6	1	15	97
6	1	15	98
6	1	15	99
6	1	15	100
6	1	15	101
6	1	15	102
6	1	15	103
6	1	15	104
6	1	15	105
6	1	15	106
6	1	15	107
6	1	15	108
6	1	15	109
6	1	15	110
6	1	15	111
6	1	15	112
6	1	15	113
6	1	15	114
6	1	15	115
6	1	15	116
6	1	15	117
6	1	15	118
6	1	15	119
6	1	15	120
6	1	15	121
6	1	15	122
6	1	15	123
6	1	15	124
6	1	15	125
6	1	15	126
6	1	15	127
6	1	16	0
6	1	16	1
6	1	16	2
6	1	16	3
6	1	16	4
6	1	16	5
6	1	16	6
6	1	16	7
6	1	16	8
6	1	16	9
6	1	16	10
6	1	16	11
6	1	16	12
6	1	16	13
6	1	16	14
6	1	16	15
6	1	16	16
6	1	16	17
6	1	16	18
6	1	16	19
6	1	16	20
6	1	16	21
6	1	16	22
6	1	16	23
6	1	16	24
6	1	16	25
6	1	16	26
6	1	16	27
6	1	16	28
6	1	16	29
6	1	16	30
6	1	16	31
6	1	16	32
6	1	16	33
6	1	16	34
6	1	16	35
6	1	16	36
6	1	16	37
6	1	16	38
6	1	16	39
6	1	16	40
6	1	16	41
6	1	16	42
6	1	16	43
6	1	16	44
6	1	16	45
6	1	16	46
6	1	16	47
6	1	16	48
6	1	16	49
6	1	16	50
6	1	16	51
6	1	16	52
6	1	16	53
6	1	16	54
6	1	16	55
6	1	16	56
6	1	16	57
6	1	16	58
6	1	16	59
6	1	16	60
6	1	16	61
6	1	16	62
6	1	16	63
6	1	16	64
6	1	16	65
6	1	16	66
6	1	16	67
6	1	16	68
6	1	16	69
6	1	16	70
6	1	16	71
6	1	16	72
6	1	16	73
6	1	16	74
6	1	16	75
6	1	16	76
6	1	16	77
6	1	16	78
6	1	16	79
6	1	16	80
6	1	16	81
6	1	16	82
6	1	16	83
6	1	16	84
6	1	16	85
6	1	16	86
6	1	16	87
6	1	16	88
6	1	16	89
6	1	16	90
6	1	16	91
6	1	16	92
6	1	16	93
6	1	16	94
6	1	16	95
6	1	16	96
6	1	16	97
6	1	16	98
6	1	16	99
6	1	16	100
6	1	16	101
6	1	16	102
6	1	16	103
6	1	16	104
6	1	16	105
6	1	16	106
6	1	16	107
6	1	16	108
6	1	16	109
6	1	16	110
6	1	16	111
6	1	16	112
6	1	16	113
6	1	16	114
6	1	16	115
6	1	16	116
6	1	16	117
6	1	16	118
6	1	16	119
6	1	16	120
6	1	16	121
6	1	16	122
6	1	16	123
6	1	16	124
6	1	16	125
6	1	16	126
6	1	16	127
6	1	17	0
6	1	17	1
6	1	17	2
6	1	17	3
6	1	17	4
6	1	17	5
6	1	17	6
6	1	17	7
6	1	17	8
6	1	17	9
6	1	17	10
6	1	17	11
6	1	17	12
6	1	17	13
6	1	17	14
6	1	17	15
6	1	17	16
6	1	17	17
6	1	17	18
6	1	17	19
6	1	17	20
6	1	17	21
6	1	17	22
6	1	17	23
6	1	17	24
6	1	17	25
6	1	17	26
6	1	17	27
6	1	17	28
6	1	17	29
6	1	17	30
6	1	17	31
6	1	17	32
6	1	17	33
6	1	17	34
6	1	17	35
6	1	17	36
6	1	17	37
6	1	17	38
6	1	17	39
6	1	17	40
6	1	17	41
6	1	17	42
6	1	17	43
6	1	17	44
6	1	17	45
6	1	17	46
6	1	17	47
6	1	17	48
6	1	17	49
6	1	17	50
6	1	17	51
6	1	17	52
6	1	17	53
6	1	17	54
6	1	17	55
6	1	17	56
6	1	17	57
6	1	17	58
6	1	17	59
6	1	17	60
6	1	17	61
6	1	17	62
6	1	17	63
6	1	17	64
6	1	17	65
6	1	17	66
6	1	17	67
6	1	17	68
6	1	17	69
6	1	17	70
6	1	17	71
6	1	17	72
6	1	17	73
6	1	17	74
6	1	17	75
6	1	17	76
6	1	17	77
6	1	17	78
6	1	17	79
6	1	17	80
6	1	17	81
6	1	17	82
6	1	17	83
6	1	17	84
6	1	17	85
6	1	17	86
6	1	17	87
6	1	17	88
6	1	17	89
6	1	17	90
6	1	17	91
6	1	17	92
6	1	17	93
6	1	17	94
6	1	17	95
6	1	17	96
6	1	17	97
6	1	17	98
6	1	17	99
6	1	17	100
6	1	17	101
6	1	17	102
6	1	17	103
6	1	17	104
6	1	17	105
6	1	17	106
6	1	17	107
6	1	17	108
6	1	17	109
6	1	17	110
6	1	17	111
6	1	17	112
6	1	17	113
6	1	17	114
6	1	17	115
6	1	17	116
6	1	17	117
6	1	17	118
6	1	17	119
6	1	17	120
6	1	17	121
6	1	17	122
6	1	17	123
6	1	17	124
6	1	17	125
6	1	17	126
6	1	17	127
6	1	18	0
6	1	18	1
6	1	18	2
6	1	18	3
6	1	18	4
6	1	18	5
6	1	18	6
6	1	18	7
6	1	18	8
6	1	18	9
6	1	18	10
6	1	18	11
6	1	18	12
6	1	18	13
6	1	18	14
6	1	18	15
6	1	18	16
6	1	18	17
6	1	18	18
6	1	18	19
6	1	18	20
6	1	18	21
6	1	18	22
6	1	18	23
6	1	18	24
6	1	18	25
6	1	18	26
6	1	18	27
6	1	18	28
6	1	18	29
6	1	18	30
6	1	18	31
6	1	18	32
6	1	18	33
6	1	18	34
6	1	18	35
6	1	18	36
6	1	18	37
6	1	18	38
6	1	18	39
6	1	18	40
6	1	18	41
6	1	18	42
6	1	18	43
6	1	18	44
6	1	18	45
6	1	18	46
6	1	18	47
6	1	18	48
6	1	18	49
6	1	18	50
6	1	18	51
6	1	18	52
6	1	18	53
6	1	18	54
6	1	18	55
6	1	18	56
6	1	18	57
6	1	18	58
6	1	18	59
6	1	18	60
6	1	18	61
6	1	18	62
6	1	18	63
6	1	18	64
6	1	18	65
6	1	18	66
6	1	18	67
6	1	18	68
6	1	18	69
6	1	18	70
6	1	18	71
6	1	18	72
6	1	18	73
6	1	18	74
6	1	18	75
6	1	18	76
6	1	18	77
6	1	18	78
6	1	18	79
6	1	18	80
6	1	18	81
6	1	18	82
6	1	18	83
6	1	18	84
6	1	18	85
6	1	18	86
6	1	18	87
6	1	18	88
6	1	18	89
6	1	18	90
6	1	18	91
6	1	18	92
6	1	18	93
6	1	18	94
6	1	18	95
6	1	18	96
6	1	18	97
6	1	18	98
6	1	18	99
6	1	18	100
6	1	18	101
6	1	18	102
6	1	18	103
6	1	18	104
6	1	18	105
6	1	18	106
6	1	18	107
6	1	18	108
6	1	18	109
6	1	18	110
6	1	18	111
6	1	18	112
6	1	18	113
6	1	18	114
6	1	18	115
6	1	18	116
6	1	18	117
6	1	18	118
6	1	18	119
6	1	18	120
6	1	18	121
6	1	18	122
6	1	18	123
6	1	18	124
6	1	18	125
6	1	18	126
6	1	18	127
6	1	19	0
6	1	19	1
6	1	19	2
6	1	19	3
6	1	19	4
6	1	19	5
6	1	19	6
6	1	19	7
6	1	19	8
6	1	19	9
6	1	19	10
6	1	19	11
6	1	19	12
6	1	19	13
6	1	19	14
6	1	19	15
6	1	19	16
6	1	19	17
6	1	19	18
6	1	19	19
6	1	19	20
6	1	19	21
6	1	19	22
6	1	19	23
6	1	19	24
6	1	19	25
6	1	19	26
6	1	19	27
6	1	19	28
6	1	19	29
6	1	19	30
6	1	19	31
6	1	19	32
6	1	19	33
6	1	19	34
6	1	19	35
6	1	19	36
6	1	19	37
6	1	19	38
6	1	19	39
6	1	19	40
6	1	19	41
6	1	19	42
6	1	19	43
6	1	19	44
6	1	19	45
6	1	19	46
6	1	19	47
6	1	19	48
6	1	19	49
6	1	19	50
6	1	19	51
6	1	19	52
6	1	19	53
6	1	19	54
6	1	19	55
6	1	19	56
6	1	19	57
6	1	19	58
6	1	19	59
6	1	19	60
6	1	19	61
6	1	19	62
6	1	19	63
6	1	19	64
6	1	19	65
6	1	19	66
6	1	19	67
6	1	19	68
6	1	19	69
6	1	19	70
6	1	19	71
6	1	19	72
6	1	19	73
6	1	19	74
6	1	19	75
6	1	19	76
6	1	19	77
6	1	19	78
6	1	19	79
6	1	19	80
6	1	19	81
6	1	19	82
6	1	19	83
6	1	19	84
6	1	19	85
6	1	19	86
6	1	19	87
6	1	19	88
6	1	19	89
6	1	19	90
6	1	19	91
6	1	19	92
6	1	19	93
6	1	19	94
6	1	19	95
6	1	19	96
6	1	19	97
6	1	19	98
6	1	19	99
6	1	19	100
6	1	19	101
6	1	19	102
6	1	19	103
6	1	19	104
6	1	19	105
6	1	19	106
6	1	19	107
6	1	19	108
6	1	19	109
6	1	19	110
6	1	19	111
6	1	19	112
6	1	19	113
6	1	19	114
6	1	19	115
6	1	19	116
6	1	19	117
6	1	19	118
6	1	19	119
6	1	19	120
6	1	19	121
6	1	19	122
6	1	19	123
6	1	19	124
6	1	19	125
6	1	19	126
6	1	19	127
6	1	20	0
6	1	20	1
6	1	20	2
6	1	20	3
6	1	20	4
6	1	20	5
6	1	20	6
6	1	20	7
6	1	20	8
6	1	20	9
6	1	20	10
6	1	20	11
6	1	20	12
6	1	20	13
6	1	20	14
6	1	20	15
6	1	20	16
6	1	20	17
6	1	20	18
6	1	20	19
6	1	20	20
6	1	20	21
6	1	20	22
6	1	20	23
6	1	20	24
6	1	20	25
6	1	20	26
6	1	20	27
6	1	20	28
6	1	20	29
6	1	20	30
6	1	20	31
6	1	20	32
6	1	20	33
6	1	20	34
6	1	20	35
6	1	20	36
6	1	20	37
6	1	20	38
6	1	20	39
6	1	20	40
6	1	20	41
6	1	20	42
6	1	20	43
6	1	20	44
6	1	20	45
6	1	20	46
6	1	20	47
6	1	20	48
6	1	20	49
6	1	20	50
6	1	20	51
6	1	20	52
6	1	20	53
6	1	20	54
6	1	20	55
6	1	20	56
6	1	20	57
6	1	20	58
6	1	20	59
6	1	20	60
6	1	20	61
6	1	20	62
6	1	20	63
6	1	20	64
6	1	20	65
6	1	20	66
6	1	20	67
6	1	20	68
6	1	20	69
6	1	20	70
6	1	20	71
6	1	20	72
6	1	20	73
6	1	20	74
6	1	20	75
6	1	20	76
6	1	20	77
6	1	20	78
6	1	20	79
6	1	20	80
6	1	20	81
6	1	20	82
6	1	20	83
6	1	20	84
6	1	20	85
6	1	20	86
6	1	20	87
6	1	20	88
6	1	20	89
6	1	20	90
6	1	20	91
6	1	20	92
6	1	20	93
6	1	20	94
6	1	20	95
6	1	20	96
6	1	20	97
6	1	20	98
6	1	20	99
6	1	20	100
6	1	20	101
6	1	20	102
6	1	20	103
6	1	20	104
6	1	20	105
6	1	20	106
6	1	20	107
6	1	20	108
6	1	20	109
6	1	20	110
6	1	20	111
6	1	20	112
6	1	20	113
6	1	20	114
6	1	20	115
6	1	20	116
6	1	20	117
6	1	20	118
6	1	20	119
6	1	20	120
6	1	20	121
6	1	20	122
6	1	20	123
6	1	20	124
6	1	20	125
6	1	20	126
6	1	20	127
6	1	21	0
6	1	21	1
6	1	21	2
6	1	21	3
6	1	21	4
6	1	21	5
6	1	21	6
6	1	21	7
6	1	21	8
6	1	21	9
6	1	21	10
6	1	21	11
6	1	21	12
6	1	21	13
6	1	21	14
6	1	21	15
6	1	21	16
6	1	21	17
6	1	21	18
6	1	21	19
6	1	21	20
6	1	21	21
6	1	21	22
6	1	21	23
6	1	21	24
6	1	21	25
6	1	21	26
6	1	21	27
6	1	21	28
6	1	21	29
6	1	21	30
6	1	21	31
6	1	21	32
6	1	21	33
6	1	21	34
6	1	21	35
6	1	21	36
6	1	21	37
6	1	21	38
6	1	21	39
6	1	21	40
6	1	21	41
6	1	21	42
6	1	21	43
6	1	21	44
6	1	21	45
6	1	21	46
6	1	21	47
6	1	21	48
6	1	21	49
6	1	21	50
6	1	21	51
6	1	21	52
6	1	21	53
6	1	21	54
6	1	21	55
6	1	21	56
6	1	21	57
6	1	21	58
6	1	21	59
6	1	21	60
6	1	21	61
6	1	21	62
6	1	21	63
6	1	21	64
6	1	21	65
6	1	21	66
6	1	21	67
6	1	21	68
6	1	21	69
6	1	21	70
6	1	21	71
6	1	21	72
6	1	21	73
6	1	21	74
6	1	21	75
6	1	21	76
6	1	21	77
6	1	21	78
6	1	21	79
6	1	21	80
6	1	21	81
6	1	21	82
6	1	21	83
6	1	21	84
6	1	21	85
6	1	21	86
6	1	21	87
6	1	21	88
6	1	21	89
6	1	21	90
6	1	21	91
6	1	21	92
6	1	21	93
6	1	21	94
6	1	21	95
6	1	21	96
6	1	21	97
6	1	21	98
6	1	21	99
6	1	21	100
6	1	21	101
6	1	21	102
6	1	21	103
6	1	21	104
6	1	21	105
6	1	21	106
6	1	21	107
6	1	21	108
6	1	21	109
6	1	21	110
6	1	21	111
6	1	21	112
6	1	21	113
6	1	21	114
6	1	21	115
6	1	21	116
6	1	21	117
6	1	21	118
6	1	21	119
6	1	21	120
6	1	21	121
6	1	21	122
6	1	21	123
6	1	21	124
6	1	21	125
6	1	21	126
6	1	21	127
6	1	22	0
6	1	22	1
6	1	22	2
6	1	22	3
6	1	22	4
6	1	22	5
6	1	22	6
6	1	22	7
6	1	22	8
6	1	22	9
6	1	22	10
6	1	22	11
6	1	22	12
6	1	22	13
6	1	22	14
6	1	22	15
6	1	22	16
6	1	22	17
6	1	22	18
6	1	22	19
6	1	22	20
6	1	22	21
6	1	22	22
6	1	22	23
6	1	22	24
6	1	22	25
6	1	22	26
6	1	22	27
6	1	22	28
6	1	22	29
6	1	22	30
6	1	22	31
6	1	22	32
6	1	22	33
6	1	22	34
6	1	22	35
6	1	22	36
6	1	22	37
6	1	22	38
6	1	22	39
6	1	22	40
6	1	22	41
6	1	22	42
6	1	22	43
6	1	22	44
6	1	22	45
6	1	22	46
6	1	22	47
6	1	22	48
6	1	22	49
6	1	22	50
6	1	22	51
6	1	22	52
6	1	22	53
6	1	22	54
6	1	22	55
6	1	22	56
6	1	22	57
6	1	22	58
6	1	22	59
6	1	22	60
6	1	22	61
6	1	22	62
6	1	22	63
6	1	22	64
6	1	22	65
6	1	22	66
6	1	22	67
6	1	22	68
6	1	22	69
6	1	22	70
6	1	22	71
6	1	22	72
6	1	22	73
6	1	22	74
6	1	22	75
6	1	22	76
6	1	22	77
6	1	22	78
6	1	22	79
6	1	22	80
6	1	22	81
6	1	22	82
6	1	22	83
6	1	22	84
6	1	22	85
6	1	22	86
6	1	22	87
6	1	22	88
6	1	22	89
6	1	22	90
6	1	22	91
6	1	22	92
6	1	22	93
6	1	22	94
6	1	22	95
6	1	22	96
6	1	22	97
6	1	22	98
6	1	22	99
6	1	22	100
6	1	22	101
6	1	22	102
6	1	22	103
6	1	22	104
6	1	22	105
6	1	22	106
6	1	22	107
6	1	22	108
6	1	22	109
6	1	22	110
6	1	22	111
6	1	22	112
6	1	22	113
6	1	22	114
6	1	22	115
6	1	22	116
6	1	22	117
6	1	22	118
6	1	22	119
6	1	22	120
6	1	22	121
6	1	22	122
6	1	22	123
6	1	22	124
6	1	22	125
6	1	22	126
6	1	22	127
6	1	23	0
6	1	23	1
6	1	23	2
6	1	23	3
6	1	23	4
6	1	23	5
6	1	23	6
6	1	23	7
6	1	23	8
6	1	23	9
6	1	23	10
6	1	23	11
6	1	23	12
6	1	23	13
6	1	23	14
6	1	23	15
6	1	23	16
6	1	23	17
6	1	23	18
6	1	23	19
6	1	23	20
6	1	23	21
6	1	23	22
6	1	23	23
6	1	23	24
6	1	23	25
6	1	23	26
6	1	23	27
6	1	23	28
6	1	23	29
6	1	23	30
6	1	23	31
6	1	23	32
6	1	23	33
6	1	23	34
6	1	23	35
6	1	23	36
6	1	23	37
6	1	23	38
6	1	23	39
6	1	23	40
6	1	23	41
6	1	23	42
6	1	23	43
6	1	23	44
6	1	23	45
6	1	23	46
6	1	23	47
6	1	23	48
6	1	23	49
6	1	23	50
6	1	23	51
6	1	23	52
6	1	23	53
6	1	23	54
6	1	23	55
6	1	23	56
6	1	23	57
6	1	23	58
6	1	23	59
6	1	23	60
6	1	23	61
6	1	23	62
6	1	23	63
6	1	23	64
6	1	23	65
6	1	23	66
6	1	23	67
6	1	23	68
6	1	23	69
6	1	23	70
6	1	23	71
6	1	23	72
6	1	23	73
6	1	23	74
6	1	23	75
6	1	23	76
6	1	23	77
6	1	23	78
6	1	23	79
6	1	23	80
6	1	23	81
6	1	23	82
6	1	23	83
6	1	23	84
6	1	23	85
6	1	23	86
6	1	23	87
6	1	23	88
6	1	23	89
6	1	23	90
6	1	23	91
6	1	23	92
6	1	23	93
6	1	23	94
6	1	23	95
6	1	23	96
6	1	23	97
6	1	23	98
6	1	23	99
6	1	23	100
6	1	23	101
6	1	23	102
6	1	23	103
6	1	23	104
6	1	23	105
6	1	23	106
6	1	23	107
6	1	23	108
6	1	23	109
6	1	23	110
6	1	23	111
6	1	23	112
6	1	23	113
6	1	23	114
6	1	23	115
6	1	23	116
6	1	23	117
6	1	23	118
6	1	23	119
6	1	23	120
6	1	23	121
6	1	23	122
6	1	23	123
6	1	23	124
6	1	23	125
6	1	23	126
6	1	23	127
6	1	24	0
6	1	24	1
6	1	24	2
6	1	24	3
6	1	24	4
6	1	24	5
6	1	24	6
6	1	24	7
6	1	24	8
6	1	24	9
6	1	24	10
6	1	24	11
6	1	24	12
6	1	24	13
6	1	24	14
6	1	24	15
6	1	24	16
6	1	24	17
6	1	24	18
6	1	24	19
6	1	24	20
6	1	24	21
6	1	24	22
6	1	24	23
6	1	24	24
6	1	24	25
6	1	24	26
6	1	24	27
6	1	24	28
6	1	24	29
6	1	24	30
6	1	24	31
6	1	24	32
6	1	24	33
6	1	24	34
6	1	24	35
6	1	24	36
6	1	24	37
6	1	24	38
6	1	24	39
6	1	24	40
6	1	24	41
6	1	24	42
6	1	24	43
6	1	24	44
6	1	24	45
6	1	24	46
6	1	24	47
6	1	24	48
6	1	24	49
6	1	24	50
6	1	24	51
6	1	24	52
6	1	24	53
6	1	24	54
6	1	24	55
6	1	24	56
6	1	24	57
6	1	24	58
6	1	24	59
6	1	24	60
6	1	24	61
6	1	24	62
6	1	24	63
6	1	24	64
6	1	24	65
6	1	24	66
6	1	24	67
6	1	24	68
6	1	24	69
6	1	24	70
6	1	24	71
6	1	24	72
6	1	24	73
6	1	24	74
6	1	24	75
6	1	24	76
6	1	24	77
6	1	24	78
6	1	24	79
6	1	24	80
6	1	24	81
6	1	24	82
6	1	24	83
6	1	24	84
6	1	24	85
6	1	24	86
6	1	24	87
6	1	24	88
6	1	24	89
6	1	24	90
6	1	24	91
6	1	24	92
6	1	24	93
6	1	24	94
6	1	24	95
6	1	24	96
6	1	24	97
6	1	24	98
6	1	24	99
6	1	24	100
6	1	24	101
6	1	24	102
6	1	24	103
6	1	24	104
6	1	24	105
6	1	24	106
6	1	24	107
6	1	24	108
6	1	24	109
6	1	24	110
6	1	24	111
6	1	24	112
6	1	24	113
6	1	24	114
6	1	24	115
6	1	24	116
6	1	24	117
6	1	24	118
6	1	24	119
6	1	24	120
6	1	24	121
6	1	24	122
6	1	24	123
6	1	24	124
6	1	24	125
6	1	24	126
6	1	24	127
6	1	25	0
6	1	25	1
6	1	25	2
6	1	25	3
6	1	25	4
6	1	25	5
6	1	25	6
6	1	25	7
6	1	25	8
6	1	25	9
6	1	25	10
6	1	25	11
6	1	25	12
6	1	25	13
6	1	25	14
6	1	25	15
6	1	25	16
6	1	25	17
6	1	25	18
6	1	25	19
6	1	25	20
6	1	25	21
6	1	25	22
6	1	25	23
6	1	25	24
6	1	25	25
6	1	25	26
6	1	25	27
6	1	25	28
6	1	25	29
6	1	25	30
6	1	25	31
6	1	25	32
6	1	25	33
6	1	25	34
6	1	25	35
6	1	25	36
6	1	25	37
6	1	25	38
6	1	25	39
6	1	25	40
6	1	25	41
6	1	25	42
6	1	25	43
6	1	25	44
6	1	25	45
6	1	25	46
6	1	25	47
6	1	25	48
6	1	25	49
6	1	25	50
6	1	25	51
6	1	25	52
6	1	25	53
6	1	25	54
6	1	25	55
6	1	25	56
6	1	25	57
6	1	25	58
6	1	25	59
6	1	25	60
6	1	25	61
6	1	25	62
6	1	25	63
6	1	25	64
6	1	25	65
6	1	25	66
6	1	25	67
6	1	25	68
6	1	25	69
6	1	25	70
6	1	25	71
6	1	25	72
6	1	25	73
6	1	25	74
6	1	25	75
6	1	25	76
6	1	25	77
6	1	25	78
6	1	25	79
6	1	25	80
6	1	25	81
6	1	25	82
6	1	25	83
6	1	25	84
6	1	25	85
6	1	25	86
6	1	25	87
6	1	25	88
6	1	25	89
6	1	25	90
6	1	25	91
6	1	25	92
6	1	25	93
6	1	25	94
6	1	25	95
6	1	25	96
6	1	25	97
6	1	25	98
6	1	25	99
6	1	25	100
6	1	25	101
6	1	25	102
6	1	25	103
6	1	25	104
6	1	25	105
6	1	25	106
6	1	25	107
6	1	25	108
6	1	25	109
6	1	25	110
6	1	25	111
6	1	25	112
6	1	25	113
6	1	25	114
6	1	25	115
6	1	25	116
6	1	25	117
6	1	25	118
6	1	25	119
6	1	25	120
6	1	25	121
6	1	25	122
6	1	25	123
6	1	25	124
6	1	25	125
6	1	25	126
6	1	25	127
6	10	11	0
6	12	18	0
7	8	0	0
7	8	0	1
7	8	0	2
7	8	0	3
7	8	0	4
7	8	0	5
7	8	0	6
7	8	0	7
7	8	0	8
7	8	0	9
7	8	0	10
7	8	0	11
7	8	0	12
7	8	0	13
7	8	0	14
7	8	0	15
7	8	0	16
7	8	0	17
7	8	0	18
7	8	0	19
7	8	0	20
7	8	0	21
7	8	0	22
7	8	0	23
7	8	0	24
7	8	0	25
7	8	0	26
7	8	0	27
7	8	0	28
7	8	0	29
7	8	0	30
7	8	0	31
7	8	0	32
7	8	0	33
7	8	0	34
7	8	0	35
7	8	0	36
7	8	0	37
7	8	0	38
7	8	0	39
7	8	0	40
7	8	0	41
7	8	0	42
7	8	0	43
7	8	0	44
7	8	0	45
7	8	0	46
7	8	0	47
7	8	0	48
7	8	0	49
7	8	0	50
7	8	0	51
7	8	0	52
7	8	0	53
7	8	0	54
7	8	0	55
7	8	0	56
7	8	0	57
7	8	0	58
7	8	0	59
7	8	0	60
7	8	0	61
7	8	0	62
7	8	0	63
7	8	0	64
7	8	0	65
7	8	0	66
7	8	0	67
7	8	0	68
7	8	0	69
7	8	0	70
7	8	0	71
7	8	0	72
7	8	0	73
7	8	0	74
7	8	0	75
7	8	0	76
7	8	0	77
7	8	0	78
7	8	0	79
7	8	0	80
7	8	0	81
7	8	0	82
7	8	0	83
7	8	0	84
7	8	0	85
7	8	0	86
7	8	0	87
7	8	0	88
7	8	0	89
7	8	0	90
7	8	0	91
7	8	0	92
7	8	0	93
7	8	0	94
7	8	0	95
7	8	0	96
7	8	0	97
7	8	0	98
7	8	0	99
7	8	0	100
7	8	0	101
7	8	0	102
7	8	0	103
7	8	0	104
7	8	0	105
7	8	0	106
7	8	0	107
7	8	0	108
7	8	0	109
7	8	0	110
7	8	0	111
7	8	0	112
7	8	0	113
7	8	0	114
7	8	0	115
7	8	0	116
7	8	0	117
7	8	0	118
7	8	0	119
7	8	0	120
7	8	0	121
7	8	0	122
7	8	0	123
7	8	0	124
7	8	0	125
7	8	0	126
7	8	0	127
7	8	1	0
7	8	1	1
7	8	1	2
7	8	1	3
7	8	1	4
7	8	1	5
7	8	1	6
7	8	1	7
7	8	1	8
7	8	1	9
7	8	1	10
7	8	1	11
7	8	1	12
7	8	1	13
7	8	1	14
7	8	1	15
7	8	1	16
7	8	1	17
7	8	1	18
7	8	1	19
7	8	1	20
7	8	1	21
7	8	1	22
7	8	1	23
7	8	1	24
7	8	1	25
7	8	1	26
7	8	1	27
7	8	1	28
7	8	1	29
7	8	1	30
7	8	1	31
7	8	1	32
7	8	1	33
7	8	1	34
7	8	1	35
7	8	1	36
7	8	1	37
7	8	1	38
7	8	1	39
7	8	1	40
7	8	1	41
7	8	1	42
7	8	1	43
7	8	1	44
7	8	1	45
7	8	1	46
7	8	1	47
7	8	1	48
7	8	1	49
7	8	1	50
7	8	1	51
7	8	1	52
7	8	1	53
7	8	1	54
7	8	1	55
7	8	1	56
7	8	1	57
7	8	1	58
7	8	1	59
7	8	1	60
7	8	1	61
7	8	1	62
7	8	1	63
7	8	1	64
7	8	1	65
7	8	1	66
7	8	1	67
7	8	1	68
7	8	1	69
7	8	1	70
7	8	1	71
7	8	1	72
7	8	1	73
7	8	1	74
7	8	1	75
7	8	1	76
7	8	1	77
7	8	1	78
7	8	1	79
7	8	1	80
7	8	1	81
7	8	1	82
7	8	1	83
7	8	1	84
7	8	1	85
7	8	1	86
7	8	1	87
7	8	1	88
7	8	1	89
7	8	1	90
7	8	1	91
7	8	1	92
7	8	1	93
7	8	1	94
7	8	1	95
7	8	1	96
7	8	1	97
7	8	1	98
7	8	1	99
7	8	1	100
7	8	1	101
7	8	1	102
7	8	1	103
7	8	1	104
7	8	1	105
7	8	1	106
7	8	1	107
7	8	1	108
7	8	1	109
7	8	1	110
7	8	1	111
7	8	1	112
7	8	1	113
7	8	1	114
7	8	1	115
7	8	1	116
7	8	1	117
7	8	1	118
7	8	1	119
7	8	1	120
7	8	1	121
7	8	1	122
7	8	1	123
7	8	1	124
7	8	1	125
7	8	1	126
7	8	1	127
7	8	2	0
7	8	2	1
7	8	2	2
7	8	2	3
7	8	2	4
7	8	2	5
7	8	2	6
7	8	2	7
7	8	2	8
7	8	2	9
7	8	2	10
7	8	2	11
7	8	2	12
7	8	2	13
7	8	2	14
7	8	2	15
7	8	2	16
7	8	2	17
7	8	2	18
7	8	2	19
7	8	2	20
7	8	2	21
7	8	2	22
7	8	2	23
7	8	2	24
7	8	2	25
7	8	2	26
7	8	2	27
7	8	2	28
7	8	2	29
7	8	2	30
7	8	2	31
7	8	2	32
7	8	2	33
7	8	2	34
7	8	2	35
7	8	2	36
7	8	2	37
7	8	2	38
7	8	2	39
7	8	2	40
7	8	2	41
7	8	2	42
7	8	2	43
7	8	2	44
7	8	2	45
7	8	2	46
7	8	2	47
7	8	2	48
7	8	2	49
7	8	2	50
7	8	2	51
7	8	2	52
7	8	2	53
7	8	2	54
7	8	2	55
7	8	2	56
7	8	2	57
7	8	2	58
7	8	2	59
7	8	2	60
7	8	2	61
7	8	2	62
7	8	2	63
7	8	2	64
7	8	2	65
7	8	2	66
7	8	2	67
7	8	2	68
7	8	2	69
7	8	2	70
7	8	2	71
7	8	2	72
7	8	2	73
7	8	2	74
7	8	2	75
7	8	2	76
7	8	2	77
7	8	2	78
7	8	2	79
7	8	2	80
7	8	2	81
7	8	2	82
7	8	2	83
7	8	2	84
7	8	2	85
7	8	2	86
7	8	2	87
7	8	2	88
7	8	2	89
7	8	2	90
7	8	2	91
7	8	2	92
7	8	2	93
7	8	2	94
7	8	2	95
7	8	2	96
7	8	2	97
7	8	2	98
7	8	2	99
7	8	2	100
7	8	2	101
7	8	2	102
7	8	2	103
7	8	2	104
7	8	2	105
7	8	2	106
7	8	2	107
7	8	2	108
7	8	2	109
7	8	2	110
7	8	2	111
7	8	2	112
7	8	2	113
7	8	2	114
7	8	2	115
7	8	2	116
7	8	2	117
7	8	2	118
7	8	2	119
7	8	2	120
7	8	2	121
7	8	2	122
7	8	2	123
7	8	2	124
7	8	2	125
7	8	2	126
7	8	2	127
7	8	3	0
7	8	3	1
7	8	3	2
7	8	3	3
7	8	3	4
7	8	3	5
7	8	3	6
7	8	3	7
7	8	3	8
7	8	3	9
7	8	3	10
7	8	3	11
7	8	3	12
7	8	3	13
7	8	3	14
7	8	3	15
7	8	3	16
7	8	3	17
7	8	3	18
7	8	3	19
7	8	3	20
7	8	3	21
7	8	3	22
7	8	3	23
7	8	3	24
7	8	3	25
7	8	3	26
7	8	3	27
7	8	3	28
7	8	3	29
7	8	3	30
7	8	3	31
7	8	3	32
7	8	3	33
7	8	3	34
7	8	3	35
7	8	3	36
7	8	3	37
7	8	3	38
7	8	3	39
7	8	3	40
7	8	3	41
7	8	3	42
7	8	3	43
7	8	3	44
7	8	3	45
7	8	3	46
7	8	3	47
7	8	3	48
7	8	3	49
7	8	3	50
7	8	3	51
7	8	3	52
7	8	3	53
7	8	3	54
7	8	3	55
7	8	3	56
7	8	3	57
7	8	3	58
7	8	3	59
7	8	3	60
7	8	3	61
7	8	3	62
7	8	3	63
7	8	3	64
7	8	3	65
7	8	3	66
7	8	3	67
7	8	3	68
7	8	3	69
7	8	3	70
7	8	3	71
7	8	3	72
7	8	3	73
7	8	3	74
7	8	3	75
7	8	3	76
7	8	3	77
7	8	3	78
7	8	3	79
7	8	3	80
7	8	3	81
7	8	3	82
7	8	3	83
7	8	3	84
7	8	3	85
7	8	3	86
7	8	3	87
7	8	3	88
7	8	3	89
7	8	3	90
7	8	3	91
7	8	3	92
7	8	3	93
7	8	3	94
7	8	3	95
7	8	3	96
7	8	3	97
7	8	3	98
7	8	3	99
7	8	3	100
7	8	3	101
7	8	3	102
7	8	3	103
7	8	3	104
7	8	3	105
7	8	3	106
7	8	3	107
7	8	3	108
7	8	3	109
7	8	3	110
7	8	3	111
7	8	3	112
7	8	3	113
7	8	3	114
7	8	3	115
7	8	3	116
7	8	3	117
7	8	3	118
7	8	3	119
7	8	3	120
7	8	3	121
7	8	3	122
7	8	3	123
7	8	3	124
7	8	3	125
7	8	3	126
7	8	3	127
7	8	4	0
7	8	4	1
7	8	4	2
7	8	4	3
7	8	4	4
7	8	4	5
7	8	4	6
7	8	4	7
7	8	4	8
7	8	4	9
7	8	4	10
7	8	4	11
7	8	4	12
7	8	4	13
7	8	4	14
7	8	4	15
7	8	4	16
7	8	4	17
7	8	4	18
7	8	4	19
7	8	4	20
7	8	4	21
7	8	4	22
7	8	4	23
7	8	4	24
7	8	4	25
7	8	4	26
7	8	4	27
7	8	4	28
7	8	4	29
7	8	4	30
7	8	4	31
7	8	4	32
7	8	4	33
7	8	4	34
7	8	4	35
7	8	4	36
7	8	4	37
7	8	4	38
7	8	4	39
7	8	4	40
7	8	4	41
7	8	4	42
7	8	4	43
7	8	4	44
7	8	4	45
7	8	4	46
7	8	4	47
7	8	4	48
7	8	4	49
7	8	4	50
7	8	4	51
7	8	4	52
7	8	4	53
7	8	4	54
7	8	4	55
7	8	4	56
7	8	4	57
7	8	4	58
7	8	4	59
7	8	4	60
7	8	4	61
7	8	4	62
7	8	4	63
7	8	4	64
7	8	4	65
7	8	4	66
7	8	4	67
7	8	4	68
7	8	4	69
7	8	4	70
7	8	4	71
7	8	4	72
7	8	4	73
7	8	4	74
7	8	4	75
7	8	4	76
7	8	4	77
7	8	4	78
7	8	4	79
7	8	4	80
7	8	4	81
7	8	4	82
7	8	4	83
7	8	4	84
7	8	4	85
7	8	4	86
7	8	4	87
7	8	4	88
7	8	4	89
7	8	4	90
7	8	4	91
7	8	4	92
7	8	4	93
7	8	4	94
7	8	4	95
7	8	4	96
7	8	4	97
7	8	4	98
7	8	4	99
7	8	4	100
7	8	4	101
7	8	4	102
7	8	4	103
7	8	4	104
7	8	4	105
7	8	4	106
7	8	4	107
7	8	4	108
7	8	4	109
7	8	4	110
7	8	4	111
7	8	4	112
7	8	4	113
7	8	4	114
7	8	4	115
7	8	4	116
7	8	4	117
7	8	4	118
7	8	4	119
7	8	4	120
7	8	4	121
7	8	4	122
7	8	4	123
7	8	4	124
7	8	4	125
7	8	4	126
7	8	4	127
7	8	5	0
7	8	5	1
7	8	5	2
7	8	5	3
7	8	5	4
7	8	5	5
7	8	5	6
7	8	5	7
7	8	5	8
7	8	5	9
7	8	5	10
7	8	5	11
7	8	5	12
7	8	5	13
7	8	5	14
7	8	5	15
7	8	5	16
7	8	5	17
7	8	5	18
7	8	5	19
7	8	5	20
7	8	5	21
7	8	5	22
7	8	5	23
7	8	5	24
7	8	5	25
7	8	5	26
7	8	5	27
7	8	5	28
7	8	5	29
7	8	5	30
7	8	5	31
7	8	5	32
7	8	5	33
7	8	5	34
7	8	5	35
7	8	5	36
7	8	5	37
7	8	5	38
7	8	5	39
7	8	5	40
7	8	5	41
7	8	5	42
7	8	5	43
7	8	5	44
7	8	5	45
7	8	5	46
7	8	5	47
7	8	5	48
7	8	5	49
7	8	5	50
7	8	5	51
7	8	5	52
7	8	5	53
7	8	5	54
7	8	5	55
7	8	5	56
7	8	5	57
7	8	5	58
7	8	5	59
7	8	5	60
7	8	5	61
7	8	5	62
7	8	5	63
7	8	5	64
7	8	5	65
7	8	5	66
7	8	5	67
7	8	5	68
7	8	5	69
7	8	5	70
7	8	5	71
7	8	5	72
7	8	5	73
7	8	5	74
7	8	5	75
7	8	5	76
7	8	5	77
7	8	5	78
7	8	5	79
7	8	5	80
7	8	5	81
7	8	5	82
7	8	5	83
7	8	5	84
7	8	5	85
7	8	5	86
7	8	5	87
7	8	5	88
7	8	5	89
7	8	5	90
7	8	5	91
7	8	5	92
7	8	5	93
7	8	5	94
7	8	5	95
7	8	5	96
7	8	5	97
7	8	5	98
7	8	5	99
7	8	5	100
7	8	5	101
7	8	5	102
7	8	5	103
7	8	5	104
7	8	5	105
7	8	5	106
7	8	5	107
7	8	5	108
7	8	5	109
7	8	5	110
7	8	5	111
7	8	5	112
7	8	5	113
7	8	5	114
7	8	5	115
7	8	5	116
7	8	5	117
7	8	5	118
7	8	5	119
7	8	5	120
7	8	5	121
7	8	5	122
7	8	5	123
7	8	5	124
7	8	5	125
7	8	5	126
7	8	5	127
7	8	6	0
7	8	6	1
7	8	6	2
7	8	6	3
7	8	6	4
7	8	6	5
7	8	6	6
7	8	6	7
7	8	6	8
7	8	6	9
7	8	6	10
7	8	6	11
7	8	6	12
7	8	6	13
7	8	6	14
7	8	6	15
7	8	6	16
7	8	6	17
7	8	6	18
7	8	6	19
7	8	6	20
7	8	6	21
7	8	6	22
7	8	6	23
7	8	6	24
7	8	6	25
7	8	6	26
7	8	6	27
7	8	6	28
7	8	6	29
7	8	6	30
7	8	6	31
7	8	6	32
7	8	6	33
7	8	6	34
7	8	6	35
7	8	6	36
7	8	6	37
7	8	6	38
7	8	6	39
7	8	6	40
7	8	6	41
7	8	6	42
7	8	6	43
7	8	6	44
7	8	6	45
7	8	6	46
7	8	6	47
7	8	6	48
7	8	6	49
7	8	6	50
7	8	6	51
7	8	6	52
7	8	6	53
7	8	6	54
7	8	6	55
7	8	6	56
7	8	6	57
7	8	6	58
7	8	6	59
7	8	6	60
7	8	6	61
7	8	6	62
7	8	6	63
7	8	6	64
7	8	6	65
7	8	6	66
7	8	6	67
7	8	6	68
7	8	6	69
7	8	6	70
7	8	6	71
7	8	6	72
7	8	6	73
7	8	6	74
7	8	6	75
7	8	6	76
7	8	6	77
7	8	6	78
7	8	6	79
7	8	6	80
7	8	6	81
7	8	6	82
7	8	6	83
7	8	6	84
7	8	6	85
7	8	6	86
7	8	6	87
7	8	6	88
7	8	6	89
7	8	6	90
7	8	6	91
7	8	6	92
7	8	6	93
7	8	6	94
7	8	6	95
7	8	6	96
7	8	6	97
7	8	6	98
7	8	6	99
7	8	6	100
7	8	6	101
7	8	6	102
7	8	6	103
7	8	6	104
7	8	6	105
7	8	6	106
7	8	6	107
7	8	6	108
7	8	6	109
7	8	6	110
7	8	6	111
7	8	6	112
7	8	6	113
7	8	6	114
7	8	6	115
7	8	6	116
7	8	6	117
7	8	6	118
7	8	6	119
7	8	6	120
7	8	6	121
7	8	6	122
7	8	6	123
7	8	6	124
7	8	6	125
7	8	6	126
7	8	6	127
7	8	7	0
7	8	7	1
7	8	7	2
7	8	7	3
7	8	7	4
7	8	7	5
7	8	7	6
7	8	7	7
7	8	7	8
7	8	7	9
7	8	7	10
7	8	7	11
7	8	7	12
7	8	7	13
7	8	7	14
7	8	7	15
7	8	7	16
7	8	7	17
7	8	7	18
7	8	7	19
7	8	7	20
7	8	7	21
7	8	7	22
7	8	7	23
7	8	7	24
7	8	7	25
7	8	7	26
7	8	7	27
7	8	7	28
7	8	7	29
7	8	7	30
7	8	7	31
7	8	7	32
7	8	7	33
7	8	7	34
7	8	7	35
7	8	7	36
7	8	7	37
7	8	7	38
7	8	7	39
7	8	7	40
7	8	7	41
7	8	7	42
7	8	7	43
7	8	7	44
7	8	7	45
7	8	7	46
7	8	7	47
7	8	7	48
7	8	7	49
7	8	7	50
7	8	7	51
7	8	7	52
7	8	7	53
7	8	7	54
7	8	7	55
7	8	7	56
7	8	7	57
7	8	7	58
7	8	7	59
7	8	7	60
7	8	7	61
7	8	7	62
7	8	7	63
7	8	7	64
7	8	7	65
7	8	7	66
7	8	7	67
7	8	7	68
7	8	7	69
7	8	7	70
7	8	7	71
7	8	7	72
7	8	7	73
7	8	7	74
7	8	7	75
7	8	7	76
7	8	7	77
7	8	7	78
7	8	7	79
7	8	7	80
7	8	7	81
7	8	7	82
7	8	7	83
7	8	7	84
7	8	7	85
7	8	7	86
7	8	7	87
7	8	7	88
7	8	7	89
7	8	7	90
7	8	7	91
7	8	7	92
7	8	7	93
7	8	7	94
7	8	7	95
7	8	7	96
7	8	7	97
7	8	7	98
7	8	7	99
7	8	7	100
7	8	7	101
7	8	7	102
7	8	7	103
7	8	7	104
7	8	7	105
7	8	7	106
7	8	7	107
7	8	7	108
7	8	7	109
7	8	7	110
7	8	7	111
7	8	7	112
7	8	7	113
7	8	7	114
7	8	7	115
7	8	7	116
7	8	7	117
7	8	7	118
7	8	7	119
7	8	7	120
7	8	7	121
7	8	7	122
7	8	7	123
7	8	7	124
7	8	7	125
7	8	7	126
7	8	7	127
7	8	8	0
7	8	8	1
7	8	8	2
7	8	8	3
7	8	8	4
7	8	8	5
7	8	8	6
7	8	8	7
7	8	8	8
7	8	8	9
7	8	8	10
7	8	8	11
7	8	8	12
7	8	8	13
7	8	8	14
7	8	8	15
7	8	8	16
7	8	8	17
7	8	8	18
7	8	8	19
7	8	8	20
7	8	8	21
7	8	8	22
7	8	8	23
7	8	8	24
7	8	8	25
7	8	8	26
7	8	8	27
7	8	8	28
7	8	8	29
7	8	8	30
7	8	8	31
7	8	8	32
7	8	8	33
7	8	8	34
7	8	8	35
7	8	8	36
7	8	8	37
7	8	8	38
7	8	8	39
7	8	8	40
7	8	8	41
7	8	8	42
7	8	8	43
7	8	8	44
7	8	8	45
7	8	8	46
7	8	8	47
7	8	8	48
7	8	8	49
7	8	8	50
7	8	8	51
7	8	8	52
7	8	8	53
7	8	8	54
7	8	8	55
7	8	8	56
7	8	8	57
7	8	8	58
7	8	8	59
7	8	8	60
7	8	8	61
7	8	8	62
7	8	8	63
7	8	8	64
7	8	8	65
7	8	8	66
7	8	8	67
7	8	8	68
7	8	8	69
7	8	8	70
7	8	8	71
7	8	8	72
7	8	8	73
7	8	8	74
7	8	8	75
7	8	8	76
7	8	8	77
7	8	8	78
7	8	8	79
7	8	8	80
7	8	8	81
7	8	8	82
7	8	8	83
7	8	8	84
7	8	8	85
7	8	8	86
7	8	8	87
7	8	8	88
7	8	8	89
7	8	8	90
7	8	8	91
7	8	8	92
7	8	8	93
7	8	8	94
7	8	8	95
7	8	8	96
7	8	8	97
7	8	8	98
7	8	8	99
7	8	8	100
7	8	8	101
7	8	8	102
7	8	8	103
7	8	8	104
7	8	8	105
7	8	8	106
7	8	8	107
7	8	8	108
7	8	8	109
7	8	8	110
7	8	8	111
7	8	8	112
7	8	8	113
7	8	8	114
7	8	8	115
7	8	8	116
7	8	8	117
7	8	8	118
7	8	8	119
7	8	8	120
7	8	8	121
7	8	8	122
7	8	8	123
7	8	8	124
7	8	8	125
7	8	8	126
7	8	8	127
7	8	9	0
7	8	9	1
7	8	9	2
7	8	9	3
7	8	9	4
7	8	9	5
7	8	9	6
7	8	9	7
7	8	9	8
7	8	9	9
7	8	9	10
7	8	9	11
7	8	9	12
7	8	9	13
7	8	9	14
7	8	9	15
7	8	9	16
7	8	9	17
7	8	9	18
7	8	9	19
7	8	9	20
7	8	9	21
7	8	9	22
7	8	9	23
7	8	9	24
7	8	9	25
7	8	9	26
7	8	9	27
7	8	9	28
7	8	9	29
7	8	9	30
7	8	9	31
7	8	9	32
7	8	9	33
7	8	9	34
7	8	9	35
7	8	9	36
7	8	9	37
7	8	9	38
7	8	9	39
7	8	9	40
7	8	9	41
7	8	9	42
7	8	9	43
7	8	9	44
7	8	9	45
7	8	9	46
7	8	9	47
7	8	9	48
7	8	9	49
7	8	9	50
7	8	9	51
7	8	9	52
7	8	9	53
7	8	9	54
7	8	9	55
7	8	9	56
7	8	9	57
7	8	9	58
7	8	9	59
7	8	9	60
7	8	9	61
7	8	9	62
7	8	9	63
7	8	9	64
7	8	9	65
7	8	9	66
7	8	9	67
7	8	9	68
7	8	9	69
7	8	9	70
7	8	9	71
7	8	9	72
7	8	9	73
7	8	9	74
7	8	9	75
7	8	9	76
7	8	9	77
7	8	9	78
7	8	9	79
7	8	9	80
7	8	9	81
7	8	9	82
7	8	9	83
7	8	9	84
7	8	9	85
7	8	9	86
7	8	9	87
7	8	9	88
7	8	9	89
7	8	9	90
7	8	9	91
7	8	9	92
7	8	9	93
7	8	9	94
7	8	9	95
7	8	9	96
7	8	9	97
7	8	9	98
7	8	9	99
7	8	9	100
7	8	9	101
7	8	9	102
7	8	9	103
7	8	9	104
7	8	9	105
7	8	9	106
7	8	9	107
7	8	9	108
7	8	9	109
7	8	9	110
7	8	9	111
7	8	9	112
7	8	9	113
7	8	9	114
7	8	9	115
7	8	9	116
7	8	9	117
7	8	9	118
7	8	9	119
7	8	9	120
7	8	9	121
7	8	9	122
7	8	9	123
7	8	9	124
7	8	9	125
7	8	9	126
7	8	9	127
7	8	10	0
7	8	10	1
7	8	10	2
7	8	10	3
7	8	10	4
7	8	10	5
7	8	10	6
7	8	10	7
7	8	10	8
7	8	10	9
7	8	10	10
7	8	10	11
7	8	10	12
7	8	10	13
7	8	10	14
7	8	10	15
7	8	10	16
7	8	10	17
7	8	10	18
7	8	10	19
7	8	10	20
7	8	10	21
7	8	10	22
7	8	10	23
7	8	10	24
7	8	10	25
7	8	10	26
7	8	10	27
7	8	10	28
7	8	10	29
7	8	10	30
7	8	10	31
7	8	10	32
7	8	10	33
7	8	10	34
7	8	10	35
7	8	10	36
7	8	10	37
7	8	10	38
7	8	10	39
7	8	10	40
7	8	10	41
7	8	10	42
7	8	10	43
7	8	10	44
7	8	10	45
7	8	10	46
7	8	10	47
7	8	10	48
7	8	10	49
7	8	10	50
7	8	10	51
7	8	10	52
7	8	10	53
7	8	10	54
7	8	10	55
7	8	10	56
7	8	10	57
7	8	10	58
7	8	10	59
7	8	10	60
7	8	10	61
7	8	10	62
7	8	10	63
7	8	10	64
7	8	10	65
7	8	10	66
7	8	10	67
7	8	10	68
7	8	10	69
7	8	10	70
7	8	10	71
7	8	10	72
7	8	10	73
7	8	10	74
7	8	10	75
7	8	10	76
7	8	10	77
7	8	10	78
7	8	10	79
7	8	10	80
7	8	10	81
7	8	10	82
7	8	10	83
7	8	10	84
7	8	10	85
7	8	10	86
7	8	10	87
7	8	10	88
7	8	10	89
7	8	10	90
7	8	10	91
7	8	10	92
7	8	10	93
7	8	10	94
7	8	10	95
7	8	10	96
7	8	10	97
7	8	10	98
7	8	10	99
7	8	10	100
7	8	10	101
7	8	10	102
7	8	10	103
7	8	10	104
7	8	10	105
7	8	10	106
7	8	10	107
7	8	10	108
7	8	10	109
7	8	10	110
7	8	10	111
7	8	10	112
7	8	10	113
7	8	10	114
7	8	10	115
7	8	10	116
7	8	10	117
7	8	10	118
7	8	10	119
7	8	10	120
7	8	10	121
7	8	10	122
7	8	10	123
7	8	10	124
7	8	10	125
7	8	10	126
7	8	10	127
7	8	11	0
7	8	11	1
7	8	11	2
7	8	11	3
7	8	11	4
7	8	11	5
7	8	11	6
7	8	11	7
7	8	11	8
7	8	11	9
7	8	11	10
7	8	11	11
7	8	11	12
7	8	11	13
7	8	11	14
7	8	11	15
7	8	11	16
7	8	11	17
7	8	11	18
7	8	11	19
7	8	11	20
7	8	11	21
7	8	11	22
7	8	11	23
7	8	11	24
7	8	11	25
7	8	11	26
7	8	11	27
7	8	11	28
7	8	11	29
7	8	11	30
7	8	11	31
7	8	11	32
7	8	11	33
7	8	11	34
7	8	11	35
7	8	11	36
7	8	11	37
7	8	11	38
7	8	11	39
7	8	11	40
7	8	11	41
7	8	11	42
7	8	11	43
7	8	11	44
7	8	11	45
7	8	11	46
7	8	11	47
7	8	11	48
7	8	11	49
7	8	11	50
7	8	11	51
7	8	11	52
7	8	11	53
7	8	11	54
7	8	11	55
7	8	11	56
7	8	11	57
7	8	11	58
7	8	11	59
7	8	11	60
7	8	11	61
7	8	11	62
7	8	11	63
7	8	11	64
7	8	11	65
7	8	11	66
7	8	11	67
7	8	11	68
7	8	11	69
7	8	11	70
7	8	11	71
7	8	11	72
7	8	11	73
7	8	11	74
7	8	11	75
7	8	11	76
7	8	11	77
7	8	11	78
7	8	11	79
7	8	11	80
7	8	11	81
7	8	11	82
7	8	11	83
7	8	11	84
7	8	11	85
7	8	11	86
7	8	11	87
7	8	11	88
7	8	11	89
7	8	11	90
7	8	11	91
7	8	11	92
7	8	11	93
7	8	11	94
7	8	11	95
7	8	11	96
7	8	11	97
7	8	11	98
7	8	11	99
7	8	11	100
7	8	11	101
7	8	11	102
7	8	11	103
7	8	11	104
7	8	11	105
7	8	11	106
7	8	11	107
7	8	11	108
7	8	11	109
7	8	11	110
7	8	11	111
7	8	11	112
7	8	11	113
7	8	11	114
7	8	11	115
7	8	11	116
7	8	11	117
7	8	11	118
7	8	11	119
7	8	11	120
7	8	11	121
7	8	11	122
7	8	11	123
7	8	11	124
7	8	11	125
7	8	11	126
7	8	11	127
7	8	12	0
7	8	12	1
7	8	12	2
7	8	12	3
7	8	12	4
7	8	12	5
7	8	12	6
7	8	12	7
7	8	12	8
7	8	12	9
7	8	12	10
7	8	12	11
7	8	12	12
7	8	12	13
7	8	12	14
7	8	12	15
7	8	12	16
7	8	12	17
7	8	12	18
7	8	12	19
7	8	12	20
7	8	12	21
7	8	12	22
7	8	12	23
7	8	12	24
7	8	12	25
7	8	12	26
7	8	12	27
7	8	12	28
7	8	12	29
7	8	12	30
7	8	12	31
7	8	12	32
7	8	12	33
7	8	12	34
7	8	12	35
7	8	12	36
7	8	12	37
7	8	12	38
7	8	12	39
7	8	12	40
7	8	12	41
7	8	12	42
7	8	12	43
7	8	12	44
7	8	12	45
7	8	12	46
7	8	12	47
7	8	12	48
7	8	12	49
7	8	12	50
7	8	12	51
7	8	12	52
7	8	12	53
7	8	12	54
7	8	12	55
7	8	12	56
7	8	12	57
7	8	12	58
7	8	12	59
7	8	12	60
7	8	12	61
7	8	12	62
7	8	12	63
7	8	12	64
7	8	12	65
7	8	12	66
7	8	12	67
7	8	12	68
7	8	12	69
7	8	12	70
7	8	12	71
7	8	12	72
7	8	12	73
7	8	12	74
7	8	12	75
7	8	12	76
7	8	12	77
7	8	12	78
7	8	12	79
7	8	12	80
7	8	12	81
7	8	12	82
7	8	12	83
7	8	12	84
7	8	12	85
7	8	12	86
7	8	12	87
7	8	12	88
7	8	12	89
7	8	12	90
7	8	12	91
7	8	12	92
7	8	12	93
7	8	12	94
7	8	12	95
7	8	12	96
7	8	12	97
7	8	12	98
7	8	12	99
7	8	12	100
7	8	12	101
7	8	12	102
7	8	12	103
7	8	12	104
7	8	12	105
7	8	12	106
7	8	12	107
7	8	12	108
7	8	12	109
7	8	12	110
7	8	12	111
7	8	12	112
7	8	12	113
7	8	12	114
7	8	12	115
7	8	12	116
7	8	12	117
7	8	12	118
7	8	12	119
7	8	12	120
7	8	12	121
7	8	12	122
7	8	12	123
7	8	12	124
7	8	12	125
7	8	12	126
7	8	12	127
7	8	13	0
7	8	13	1
7	8	13	2
7	8	13	3
7	8	13	4
7	8	13	5
7	8	13	6
7	8	13	7
7	8	13	8
7	8	13	9
7	8	13	10
7	8	13	11
7	8	13	12
7	8	13	13
7	8	13	14
7	8	13	15
7	8	13	16
7	8	13	17
7	8	13	18
7	8	13	19
7	8	13	20
7	8	13	21
7	8	13	22
7	8	13	23
7	8	13	24
7	8	13	25
7	8	13	26
7	8	13	27
7	8	13	28
7	8	13	29
7	8	13	30
7	8	13	31
7	8	13	32
7	8	13	33
7	8	13	34
7	8	13	35
7	8	13	36
7	8	13	37
7	8	13	38
7	8	13	39
7	8	13	40
7	8	13	41
7	8	13	42
7	8	13	43
7	8	13	44
7	8	13	45
7	8	13	46
7	8	13	47
7	8	13	48
7	8	13	49
7	8	13	50
7	8	13	51
7	8	13	52
7	8	13	53
7	8	13	54
7	8	13	55
7	8	13	56
7	8	13	57
7	8	13	58
7	8	13	59
7	8	13	60
7	8	13	61
7	8	13	62
7	8	13	63
7	8	13	64
7	8	13	65
7	8	13	66
7	8	13	67
7	8	13	68
7	8	13	69
7	8	13	70
7	8	13	71
7	8	13	72
7	8	13	73
7	8	13	74
7	8	13	75
7	8	13	76
7	8	13	77
7	8	13	78
7	8	13	79
7	8	13	80
7	8	13	81
7	8	13	82
7	8	13	83
7	8	13	84
7	8	13	85
7	8	13	86
7	8	13	87
7	8	13	88
7	8	13	89
7	8	13	90
7	8	13	91
7	8	13	92
7	8	13	93
7	8	13	94
7	8	13	95
7	8	13	96
7	8	13	97
7	8	13	98
7	8	13	99
7	8	13	100
7	8	13	101
7	8	13	102
7	8	13	103
7	8	13	104
7	8	13	105
7	8	13	106
7	8	13	107
7	8	13	108
7	8	13	109
7	8	13	110
7	8	13	111
7	8	13	112
7	8	13	113
7	8	13	114
7	8	13	115
7	8	13	116
7	8	13	117
7	8	13	118
7	8	13	119
7	8	13	120
7	8	13	121
7	8	13	122
7	8	13	123
7	8	13	124
7	8	13	125
7	8	13	126
7	8	13	127
7	8	14	0
7	8	14	1
7	8	14	2
7	8	14	3
7	8	14	4
7	8	14	5
7	8	14	6
7	8	14	7
7	8	14	8
7	8	14	9
7	8	14	10
7	8	14	11
7	8	14	12
7	8	14	13
7	8	14	14
7	8	14	15
7	8	14	16
7	8	14	17
7	8	14	18
7	8	14	19
7	8	14	20
7	8	14	21
7	8	14	22
7	8	14	23
7	8	14	24
7	8	14	25
7	8	14	26
7	8	14	27
7	8	14	28
7	8	14	29
7	8	14	30
7	8	14	31
7	8	14	32
7	8	14	33
7	8	14	34
7	8	14	35
7	8	14	36
7	8	14	37
7	8	14	38
7	8	14	39
7	8	14	40
7	8	14	41
7	8	14	42
7	8	14	43
7	8	14	44
7	8	14	45
7	8	14	46
7	8	14	47
7	8	14	48
7	8	14	49
7	8	14	50
7	8	14	51
7	8	14	52
7	8	14	53
7	8	14	54
7	8	14	55
7	8	14	56
7	8	14	57
7	8	14	58
7	8	14	59
7	8	14	60
7	8	14	61
7	8	14	62
7	8	14	63
7	8	14	64
7	8	14	65
7	8	14	66
7	8	14	67
7	8	14	68
7	8	14	69
7	8	14	70
7	8	14	71
7	8	14	72
7	8	14	73
7	8	14	74
7	8	14	75
7	8	14	76
7	8	14	77
7	8	14	78
7	8	14	79
7	8	14	80
7	8	14	81
7	8	14	82
7	8	14	83
7	8	14	84
7	8	14	85
7	8	14	86
7	8	14	87
7	8	14	88
7	8	14	89
7	8	14	90
7	8	14	91
7	8	14	92
7	8	14	93
7	8	14	94
7	8	14	95
7	8	14	96
7	8	14	97
7	8	14	98
7	8	14	99
7	8	14	100
7	8	14	101
7	8	14	102
7	8	14	103
7	8	14	104
7	8	14	105
7	8	14	106
7	8	14	107
7	8	14	108
7	8	14	109
7	8	14	110
7	8	14	111
7	8	14	112
7	8	14	113
7	8	14	114
7	8	14	115
7	8	14	116
7	8	14	117
7	8	14	118
7	8	14	119
7	8	14	120
7	8	14	121
7	8	14	122
7	8	14	123
7	8	14	124
7	8	14	125
7	8	14	126
7	8	14	127
7	8	15	0
7	8	15	1
7	8	15	2
7	8	15	3
7	8	15	4
7	8	15	5
7	8	15	6
7	8	15	7
7	8	15	8
7	8	15	9
7	8	15	10
7	8	15	11
7	8	15	12
7	8	15	13
7	8	15	14
7	8	15	15
7	8	15	16
7	8	15	17
7	8	15	18
7	8	15	19
7	8	15	20
7	8	15	21
7	8	15	22
7	8	15	23
7	8	15	24
7	8	15	25
7	8	15	26
7	8	15	27
7	8	15	28
7	8	15	29
7	8	15	30
7	8	15	31
7	8	15	32
7	8	15	33
7	8	15	34
7	8	15	35
7	8	15	36
7	8	15	37
7	8	15	38
7	8	15	39
7	8	15	40
7	8	15	41
7	8	15	42
7	8	15	43
7	8	15	44
7	8	15	45
7	8	15	46
7	8	15	47
7	8	15	48
7	8	15	49
7	8	15	50
7	8	15	51
7	8	15	52
7	8	15	53
7	8	15	54
7	8	15	55
7	8	15	56
7	8	15	57
7	8	15	58
7	8	15	59
7	8	15	60
7	8	15	61
7	8	15	62
7	8	15	63
7	8	15	64
7	8	15	65
7	8	15	66
7	8	15	67
7	8	15	68
7	8	15	69
7	8	15	70
7	8	15	71
7	8	15	72
7	8	15	73
7	8	15	74
7	8	15	75
7	8	15	76
7	8	15	77
7	8	15	78
7	8	15	79
7	8	15	80
7	8	15	81
7	8	15	82
7	8	15	83
7	8	15	84
7	8	15	85
7	8	15	86
7	8	15	87
7	8	15	88
7	8	15	89
7	8	15	90
7	8	15	91
7	8	15	92
7	8	15	93
7	8	15	94
7	8	15	95
7	8	15	96
7	8	15	97
7	8	15	98
7	8	15	99
7	8	15	100
7	8	15	101
7	8	15	102
7	8	15	103
7	8	15	104
7	8	15	105
7	8	15	106
7	8	15	107
7	8	15	108
7	8	15	109
7	8	15	110
7	8	15	111
7	8	15	112
7	8	15	113
7	8	15	114
7	8	15	115
7	8	15	116
7	8	15	117
7	8	15	118
7	8	15	119
7	8	15	120
7	8	15	121
7	8	15	122
7	8	15	123
7	8	15	124
7	8	15	125
7	8	15	126
7	8	15	127
7	8	16	0
7	8	16	1
7	8	16	2
7	8	16	3
7	8	16	4
7	8	16	5
7	8	16	6
7	8	16	7
7	8	16	8
7	8	16	9
7	8	16	10
7	8	16	11
7	8	16	12
7	8	16	13
7	8	16	14
7	8	16	15
7	8	16	16
7	8	16	17
7	8	16	18
7	8	16	19
7	8	16	20
7	8	16	21
7	8	16	22
7	8	16	23
7	8	16	24
7	8	16	25
7	8	16	26
7	8	16	27
7	8	16	28
7	8	16	29
7	8	16	30
7	8	16	31
7	8	16	32
7	8	16	33
7	8	16	34
7	8	16	35
7	8	16	36
7	8	16	37
7	8	16	38
7	8	16	39
7	8	16	40
7	8	16	41
7	8	16	42
7	8	16	43
7	8	16	44
7	8	16	45
7	8	16	46
7	8	16	47
7	8	16	48
7	8	16	49
7	8	16	50
7	8	16	51
7	8	16	52
7	8	16	53
7	8	16	54
7	8	16	55
7	8	16	56
7	8	16	57
7	8	16	58
7	8	16	59
7	8	16	60
7	8	16	61
7	8	16	62
7	8	16	63
7	8	16	64
7	8	16	65
7	8	16	66
7	8	16	67
7	8	16	68
7	8	16	69
7	8	16	70
7	8	16	71
7	8	16	72
7	8	16	73
7	8	16	74
7	8	16	75
7	8	16	76
7	8	16	77
7	8	16	78
7	8	16	79
7	8	16	80
7	8	16	81
7	8	16	82
7	8	16	83
7	8	16	84
7	8	16	85
7	8	16	86
7	8	16	87
7	8	16	88
7	8	16	89
7	8	16	90
7	8	16	91
7	8	16	92
7	8	16	93
7	8	16	94
7	8	16	95
7	8	16	96
7	8	16	97
7	8	16	98
7	8	16	99
7	8	16	100
7	8	16	101
7	8	16	102
7	8	16	103
7	8	16	104
7	8	16	105
7	8	16	106
7	8	16	107
7	8	16	108
7	8	16	109
7	8	16	110
7	8	16	111
7	8	16	112
7	8	16	113
7	8	16	114
7	8	16	115
7	8	16	116
7	8	16	117
7	8	16	118
7	8	16	119
7	8	16	120
7	8	16	121
7	8	16	122
7	8	16	123
7	8	16	124
7	8	16	125
7	8	16	126
7	8	16	127
7	8	17	0
7	8	17	1
7	8	17	2
7	8	17	3
7	8	17	4
7	8	17	5
7	8	17	6
7	8	17	7
7	8	17	8
7	8	17	9
7	8	17	10
7	8	17	11
7	8	17	12
7	8	17	13
7	8	17	14
7	8	17	15
7	8	17	16
7	8	17	17
7	8	17	18
7	8	17	19
7	8	17	20
7	8	17	21
7	8	17	22
7	8	17	23
7	8	17	24
7	8	17	25
7	8	17	26
7	8	17	27
7	8	17	28
7	8	17	29
7	8	17	30
7	8	17	31
7	8	17	32
7	8	17	33
7	8	17	34
7	8	17	35
7	8	17	36
7	8	17	37
7	8	17	38
7	8	17	39
7	8	17	40
7	8	17	41
7	8	17	42
7	8	17	43
7	8	17	44
7	8	17	45
7	8	17	46
7	8	17	47
7	8	17	48
7	8	17	49
7	8	17	50
7	8	17	51
7	8	17	52
7	8	17	53
7	8	17	54
7	8	17	55
7	8	17	56
7	8	17	57
7	8	17	58
7	8	17	59
7	8	17	60
7	8	17	61
7	8	17	62
7	8	17	63
7	8	17	64
7	8	17	65
7	8	17	66
7	8	17	67
7	8	17	68
7	8	17	69
7	8	17	70
7	8	17	71
7	8	17	72
7	8	17	73
7	8	17	74
7	8	17	75
7	8	17	76
7	8	17	77
7	8	17	78
7	8	17	79
7	8	17	80
7	8	17	81
7	8	17	82
7	8	17	83
7	8	17	84
7	8	17	85
7	8	17	86
7	8	17	87
7	8	17	88
7	8	17	89
7	8	17	90
7	8	17	91
7	8	17	92
7	8	17	93
7	8	17	94
7	8	17	95
7	8	17	96
7	8	17	97
7	8	17	98
7	8	17	99
7	8	17	100
7	8	17	101
7	8	17	102
7	8	17	103
7	8	17	104
7	8	17	105
7	8	17	106
7	8	17	107
7	8	17	108
7	8	17	109
7	8	17	110
7	8	17	111
7	8	17	112
7	8	17	113
7	8	17	114
7	8	17	115
7	8	17	116
7	8	17	117
7	8	17	118
7	8	17	119
7	8	17	120
7	8	17	121
7	8	17	122
7	8	17	123
7	8	17	124
7	8	17	125
7	8	17	126
7	8	17	127
7	8	18	0
7	8	18	1
7	8	18	2
7	8	18	3
7	8	18	4
7	8	18	5
7	8	18	6
7	8	18	7
7	8	18	8
7	8	18	9
7	8	18	10
7	8	18	11
7	8	18	12
7	8	18	13
7	8	18	14
7	8	18	15
7	8	18	16
7	8	18	17
7	8	18	18
7	8	18	19
7	8	18	20
7	8	18	21
7	8	18	22
7	8	18	23
7	8	18	24
7	8	18	25
7	8	18	26
7	8	18	27
7	8	18	28
7	8	18	29
7	8	18	30
7	8	18	31
7	8	18	32
7	8	18	33
7	8	18	34
7	8	18	35
7	8	18	36
7	8	18	37
7	8	18	38
7	8	18	39
7	8	18	40
7	8	18	41
7	8	18	42
7	8	18	43
7	8	18	44
7	8	18	45
7	8	18	46
7	8	18	47
7	8	18	48
7	8	18	49
7	8	18	50
7	8	18	51
7	8	18	52
7	8	18	53
7	8	18	54
7	8	18	55
7	8	18	56
7	8	18	57
7	8	18	58
7	8	18	59
7	8	18	60
7	8	18	61
7	8	18	62
7	8	18	63
7	8	18	64
7	8	18	65
7	8	18	66
7	8	18	67
7	8	18	68
7	8	18	69
7	8	18	70
7	8	18	71
7	8	18	72
7	8	18	73
7	8	18	74
7	8	18	75
7	8	18	76
7	8	18	77
7	8	18	78
7	8	18	79
7	8	18	80
7	8	18	81
7	8	18	82
7	8	18	83
7	8	18	84
7	8	18	85
7	8	18	86
7	8	18	87
7	8	18	88
7	8	18	89
7	8	18	90
7	8	18	91
7	8	18	92
7	8	18	93
7	8	18	94
7	8	18	95
7	8	18	96
7	8	18	97
7	8	18	98
7	8	18	99
7	8	18	100
7	8	18	101
7	8	18	102
7	8	18	103
7	8	18	104
7	8	18	105
7	8	18	106
7	8	18	107
7	8	18	108
7	8	18	109
7	8	18	110
7	8	18	111
7	8	18	112
7	8	18	113
7	8	18	114
7	8	18	115
7	8	18	116
7	8	18	117
7	8	18	118
7	8	18	119
7	8	18	120
7	8	18	121
7	8	18	122
7	8	18	123
7	8	18	124
7	8	18	125
7	8	18	126
7	8	18	127
7	8	19	0
7	8	19	1
7	8	19	2
7	8	19	3
7	8	19	4
7	8	19	5
7	8	19	6
7	8	19	7
7	8	19	8
7	8	19	9
7	8	19	10
7	8	19	11
7	8	19	12
7	8	19	13
7	8	19	14
7	8	19	15
7	8	19	16
7	8	19	17
7	8	19	18
7	8	19	19
7	8	19	20
7	8	19	21
7	8	19	22
7	8	19	23
7	8	19	24
7	8	19	25
7	8	19	26
7	8	19	27
7	8	19	28
7	8	19	29
7	8	19	30
7	8	19	31
7	8	19	32
7	8	19	33
7	8	19	34
7	8	19	35
7	8	19	36
7	8	19	37
7	8	19	38
7	8	19	39
7	8	19	40
7	8	19	41
7	8	19	42
7	8	19	43
7	8	19	44
7	8	19	45
7	8	19	46
7	8	19	47
7	8	19	48
7	8	19	49
7	8	19	50
7	8	19	51
7	8	19	52
7	8	19	53
7	8	19	54
7	8	19	55
7	8	19	56
7	8	19	57
7	8	19	58
7	8	19	59
7	8	19	60
7	8	19	61
7	8	19	62
7	8	19	63
7	8	19	64
7	8	19	65
7	8	19	66
7	8	19	67
7	8	19	68
7	8	19	69
7	8	19	70
7	8	19	71
7	8	19	72
7	8	19	73
7	8	19	74
7	8	19	75
7	8	19	76
7	8	19	77
7	8	19	78
7	8	19	79
7	8	19	80
7	8	19	81
7	8	19	82
7	8	19	83
7	8	19	84
7	8	19	85
7	8	19	86
7	8	19	87
7	8	19	88
7	8	19	89
7	8	19	90
7	8	19	91
7	8	19	92
7	8	19	93
7	8	19	94
7	8	19	95
7	8	19	96
7	8	19	97
7	8	19	98
7	8	19	99
7	8	19	100
7	8	19	101
7	8	19	102
7	8	19	103
7	8	19	104
7	8	19	105
7	8	19	106
7	8	19	107
7	8	19	108
7	8	19	109
7	8	19	110
7	8	19	111
7	8	19	112
7	8	19	113
7	8	19	114
7	8	19	115
7	8	19	116
7	8	19	117
7	8	19	118
7	8	19	119
7	8	19	120
7	8	19	121
7	8	19	122
7	8	19	123
7	8	19	124
7	8	19	125
7	8	19	126
7	8	19	127
7	8	20	0
7	8	20	1
7	8	20	2
7	8	20	3
7	8	20	4
7	8	20	5
7	8	20	6
7	8	20	7
7	8	20	8
7	8	20	9
7	8	20	10
7	8	20	11
7	8	20	12
7	8	20	13
7	8	20	14
7	8	20	15
7	8	20	16
7	8	20	17
7	8	20	18
7	8	20	19
7	8	20	20
7	8	20	21
7	8	20	22
7	8	20	23
7	8	20	24
7	8	20	25
7	8	20	26
7	8	20	27
7	8	20	28
7	8	20	29
7	8	20	30
7	8	20	31
7	8	20	32
7	8	20	33
7	8	20	34
7	8	20	35
7	8	20	36
7	8	20	37
7	8	20	38
7	8	20	39
7	8	20	40
7	8	20	41
7	8	20	42
7	8	20	43
7	8	20	44
7	8	20	45
7	8	20	46
7	8	20	47
7	8	20	48
7	8	20	49
7	8	20	50
7	8	20	51
7	8	20	52
7	8	20	53
7	8	20	54
7	8	20	55
7	8	20	56
7	8	20	57
7	8	20	58
7	8	20	59
7	8	20	60
7	8	20	61
7	8	20	62
7	8	20	63
7	8	20	64
7	8	20	65
7	8	20	66
7	8	20	67
7	8	20	68
7	8	20	69
7	8	20	70
7	8	20	71
7	8	20	72
7	8	20	73
7	8	20	74
7	8	20	75
7	8	20	76
7	8	20	77
7	8	20	78
7	8	20	79
7	8	20	80
7	8	20	81
7	8	20	82
7	8	20	83
7	8	20	84
7	8	20	85
7	8	20	86
7	8	20	87
7	8	20	88
7	8	20	89
7	8	20	90
7	8	20	91
7	8	20	92
7	8	20	93
7	8	20	94
7	8	20	95
7	8	20	96
7	8	20	97
7	8	20	98
7	8	20	99
7	8	20	100
7	8	20	101
7	8	20	102
7	8	20	103
7	8	20	104
7	8	20	105
7	8	20	106
7	8	20	107
7	8	20	108
7	8	20	109
7	8	20	110
7	8	20	111
7	8	20	112
7	8	20	113
7	8	20	114
7	8	20	115
7	8	20	116
7	8	20	117
7	8	20	118
7	8	20	119
7	8	20	120
7	8	20	121
7	8	20	122
7	8	20	123
7	8	20	124
7	8	20	125
7	8	20	126
7	8	20	127
7	8	21	0
7	8	21	1
7	8	21	2
7	8	21	3
7	8	21	4
7	8	21	5
7	8	21	6
7	8	21	7
7	8	21	8
7	8	21	9
7	8	21	10
7	8	21	11
7	8	21	12
7	8	21	13
7	8	21	14
7	8	21	15
7	8	21	16
7	8	21	17
7	8	21	18
7	8	21	19
7	8	21	20
7	8	21	21
7	8	21	22
7	8	21	23
7	8	21	24
7	8	21	25
7	8	21	26
7	8	21	27
7	8	21	28
7	8	21	29
7	8	21	30
7	8	21	31
7	8	21	32
7	8	21	33
7	8	21	34
7	8	21	35
7	8	21	36
7	8	21	37
7	8	21	38
7	8	21	39
7	8	21	40
7	8	21	41
7	8	21	42
7	8	21	43
7	8	21	44
7	8	21	45
7	8	21	46
7	8	21	47
7	8	21	48
7	8	21	49
7	8	21	50
7	8	21	51
7	8	21	52
7	8	21	53
7	8	21	54
7	8	21	55
7	8	21	56
7	8	21	57
7	8	21	58
7	8	21	59
7	8	21	60
7	8	21	61
7	8	21	62
7	8	21	63
7	8	21	64
7	8	21	65
7	8	21	66
7	8	21	67
7	8	21	68
7	8	21	69
7	8	21	70
7	8	21	71
7	8	21	72
7	8	21	73
7	8	21	74
7	8	21	75
7	8	21	76
7	8	21	77
7	8	21	78
7	8	21	79
7	8	21	80
7	8	21	81
7	8	21	82
7	8	21	83
7	8	21	84
7	8	21	85
7	8	21	86
7	8	21	87
7	8	21	88
7	8	21	89
7	8	21	90
7	8	21	91
7	8	21	92
7	8	21	93
7	8	21	94
7	8	21	95
7	8	21	96
7	8	21	97
7	8	21	98
7	8	21	99
7	8	21	100
7	8	21	101
7	8	21	102
7	8	21	103
7	8	21	104
7	8	21	105
7	8	21	106
7	8	21	107
7	8	21	108
7	8	21	109
7	8	21	110
7	8	21	111
7	8	21	112
7	8	21	113
7	8	21	114
7	8	21	115
7	8	21	116
7	8	21	117
7	8	21	118
7	8	21	119
7	8	21	120
7	8	21	121
7	8	21	122
7	8	21	123
7	8	21	124
7	8	21	125
7	8	21	126
7	8	21	127
7	8	22	0
7	8	22	1
7	8	22	2
7	8	22	3
7	8	22	4
7	8	22	5
7	8	22	6
7	8	22	7
7	8	22	8
7	8	22	9
7	8	22	10
7	8	22	11
7	8	22	12
7	8	22	13
7	8	22	14
7	8	22	15
7	8	22	16
7	8	22	17
7	8	22	18
7	8	22	19
7	8	22	20
7	8	22	21
7	8	22	22
7	8	22	23
7	8	22	24
7	8	22	25
7	8	22	26
7	8	22	27
7	8	22	28
7	8	22	29
7	8	22	30
7	8	22	31
7	8	22	32
7	8	22	33
7	8	22	34
7	8	22	35
7	8	22	36
7	8	22	37
7	8	22	38
7	8	22	39
7	8	22	40
7	8	22	41
7	8	22	42
7	8	22	43
7	8	22	44
7	8	22	45
7	8	22	46
7	8	22	47
7	8	22	48
7	8	22	49
7	8	22	50
7	8	22	51
7	8	22	52
7	8	22	53
7	8	22	54
7	8	22	55
7	8	22	56
7	8	22	57
7	8	22	58
7	8	22	59
7	8	22	60
7	8	22	61
7	8	22	62
7	8	22	63
7	8	22	64
7	8	22	65
7	8	22	66
7	8	22	67
7	8	22	68
7	8	22	69
7	8	22	70
7	8	22	71
7	8	22	72
7	8	22	73
7	8	22	74
7	8	22	75
7	8	22	76
7	8	22	77
7	8	22	78
7	8	22	79
7	8	22	80
7	8	22	81
7	8	22	82
7	8	22	83
7	8	22	84
7	8	22	85
7	8	22	86
7	8	22	87
7	8	22	88
7	8	22	89
7	8	22	90
7	8	22	91
7	8	22	92
7	8	22	93
7	8	22	94
7	8	22	95
7	8	22	96
7	8	22	97
7	8	22	98
7	8	22	99
7	8	22	100
7	8	22	101
7	8	22	102
7	8	22	103
7	8	22	104
7	8	22	105
7	8	22	106
7	8	22	107
7	8	22	108
7	8	22	109
7	8	22	110
7	8	22	111
7	8	22	112
7	8	22	113
7	8	22	114
7	8	22	115
7	8	22	116
7	8	22	117
7	8	22	118
7	8	22	119
7	8	22	120
7	8	22	121
7	8	22	122
7	8	22	123
7	8	22	124
7	8	22	125
7	8	22	126
7	8	22	127
7	8	23	0
7	8	23	1
7	8	23	2
7	8	23	3
7	8	23	4
7	8	23	5
7	8	23	6
7	8	23	7
7	8	23	8
7	8	23	9
7	8	23	10
7	8	23	11
7	8	23	12
7	8	23	13
7	8	23	14
7	8	23	15
7	8	23	16
7	8	23	17
7	8	23	18
7	8	23	19
7	8	23	20
7	8	23	21
7	8	23	22
7	8	23	23
7	8	23	24
7	8	23	25
7	8	23	26
7	8	23	27
7	8	23	28
7	8	23	29
7	8	23	30
7	8	23	31
7	8	23	32
7	8	23	33
7	8	23	34
7	8	23	35
7	8	23	36
7	8	23	37
7	8	23	38
7	8	23	39
7	8	23	40
7	8	23	41
7	8	23	42
7	8	23	43
7	8	23	44
7	8	23	45
7	8	23	46
7	8	23	47
7	8	23	48
7	8	23	49
7	8	23	50
7	8	23	51
7	8	23	52
7	8	23	53
7	8	23	54
7	8	23	55
7	8	23	56
7	8	23	57
7	8	23	58
7	8	23	59
7	8	23	60
7	8	23	61
7	8	23	62
7	8	23	63
7	8	23	64
7	8	23	65
7	8	23	66
7	8	23	67
7	8	23	68
7	8	23	69
7	8	23	70
7	8	23	71
7	8	23	72
7	8	23	73
7	8	23	74
7	8	23	75
7	8	23	76
7	8	23	77
7	8	23	78
7	8	23	79
7	8	23	80
7	8	23	81
7	8	23	82
7	8	23	83
7	8	23	84
7	8	23	85
7	8	23	86
7	8	23	87
7	8	23	88
7	8	23	89
7	8	23	90
7	8	23	91
7	8	23	92
7	8	23	93
7	8	23	94
7	8	23	95
7	8	23	96
7	8	23	97
7	8	23	98
7	8	23	99
7	8	23	100
7	8	23	101
7	8	23	102
7	8	23	103
7	8	23	104
7	8	23	105
7	8	23	106
7	8	23	107
7	8	23	108
7	8	23	109
7	8	23	110
7	8	23	111
7	8	23	112
7	8	23	113
7	8	23	114
7	8	23	115
7	8	23	116
7	8	23	117
7	8	23	118
7	8	23	119
7	8	23	120
7	8	23	121
7	8	23	122
7	8	23	123
7	8	23	124
7	8	23	125
7	8	23	126
7	8	23	127
7	8	24	0
7	8	24	1
7	8	24	2
7	8	24	3
7	8	24	4
7	8	24	5
7	8	24	6
7	8	24	7
7	8	24	8
7	8	24	9
7	8	24	10
7	8	24	11
7	8	24	12
7	8	24	13
7	8	24	14
7	8	24	15
7	8	24	16
7	8	24	17
7	8	24	18
7	8	24	19
7	8	24	20
7	8	24	21
7	8	24	22
7	8	24	23
7	8	24	24
7	8	24	25
7	8	24	26
7	8	24	27
7	8	24	28
7	8	24	29
7	8	24	30
7	8	24	31
7	8	24	32
7	8	24	33
7	8	24	34
7	8	24	35
7	8	24	36
7	8	24	37
7	8	24	38
7	8	24	39
7	8	24	40
7	8	24	41
7	8	24	42
7	8	24	43
7	8	24	44
7	8	24	45
7	8	24	46
7	8	24	47
7	8	24	48
7	8	24	49
7	8	24	50
7	8	24	51
7	8	24	52
7	8	24	53
7	8	24	54
7	8	24	55
7	8	24	56
7	8	24	57
7	8	24	58
7	8	24	59
7	8	24	60
7	8	24	61
7	8	24	62
7	8	24	63
7	8	24	64
7	8	24	65
7	8	24	66
7	8	24	67
7	8	24	68
7	8	24	69
7	8	24	70
7	8	24	71
7	8	24	72
7	8	24	73
7	8	24	74
7	8	24	75
7	8	24	76
7	8	24	77
7	8	24	78
7	8	24	79
7	8	24	80
7	8	24	81
7	8	24	82
7	8	24	83
7	8	24	84
7	8	24	85
7	8	24	86
7	8	24	87
7	8	24	88
7	8	24	89
7	8	24	90
7	8	24	91
7	8	24	92
7	8	24	93
7	8	24	94
7	8	24	95
7	8	24	96
7	8	24	97
7	8	24	98
7	8	24	99
7	8	24	100
7	8	24	101
7	8	24	102
7	8	24	103
7	8	24	104
7	8	24	105
7	8	24	106
7	8	24	107
7	8	24	108
7	8	24	109
7	8	24	110
7	8	24	111
7	8	24	112
7	8	24	113
7	8	24	114
7	8	24	115
7	8	24	116
7	8	24	117
7	8	24	118
7	8	24	119
7	8	24	120
7	8	24	121
7	8	24	122
7	8	24	123
7	8	24	124
7	8	24	125
7	8	24	126
7	8	24	127
7	8	25	0
7	8	25	1
7	8	25	2
7	8	25	3
7	8	25	4
7	8	25	5
7	8	25	6
7	8	25	7
7	8	25	8
7	8	25	9
7	8	25	10
7	8	25	11
7	8	25	12
7	8	25	13
7	8	25	14
7	8	25	15
7	8	25	16
7	8	25	17
7	8	25	18
7	8	25	19
7	8	25	20
7	8	25	21
7	8	25	22
7	8	25	23
7	8	25	24
7	8	25	25
7	8	25	26
7	8	25	27
7	8	25	28
7	8	25	29
7	8	25	30
7	8	25	31
7	8	25	32
7	8	25	33
7	8	25	34
7	8	25	35
7	8	25	36
7	8	25	37
7	8	25	38
7	8	25	39
7	8	25	40
7	8	25	41
7	8	25	42
7	8	25	43
7	8	25	44
7	8	25	45
7	8	25	46
7	8	25	47
7	8	25	48
7	8	25	49
7	8	25	50
7	8	25	51
7	8	25	52
7	8	25	53
7	8	25	54
7	8	25	55
7	8	25	56
7	8	25	57
7	8	25	58
7	8	25	59
7	8	25	60
7	8	25	61
7	8	25	62
7	8	25	63
7	8	25	64
7	8	25	65
7	8	25	66
7	8	25	67
7	8	25	68
7	8	25	69
7	8	25	70
7	8	25	71
7	8	25	72
7	8	25	73
7	8	25	74
7	8	25	75
7	8	25	76
7	8	25	77
7	8	25	78
7	8	25	79
7	8	25	80
7	8	25	81
7	8	25	82
7	8	25	83
7	8	25	84
7	8	25	85
7	8	25	86
7	8	25	87
7	8	25	88
7	8	25	89
7	8	25	90
7	8	25	91
7	8	25	92
7	8	25	93
7	8	25	94
7	8	25	95
7	8	25	96
7	8	25	97
7	8	25	98
7	8	25	99
7	8	25	100
7	8	25	101
7	8	25	102
7	8	25	103
7	8	25	104
7	8	25	105
7	8	25	106
7	8	25	107
7	8	25	108
7	8	25	109
7	8	25	110
7	8	25	111
7	8	25	112
7	8	25	113
7	8	25	114
7	8	25	115
7	8	25	116
7	8	25	117
7	8	25	118
7	8	25	119
7	8	25	120
7	8	25	121
7	8	25	122
7	8	25	123
7	8	25	124
7	8	25	125
7	8	25	126
7	8	25	127
