# FELIX	FELIX_CH	CHIP	CHANNEL
0	1	0	0
0	1	0	1
0	1	0	2
0	1	0	3
0	1	0	4
0	1	0	5
0	1	0	6
0	1	0	7
0	1	0	8
0	1	0	9
0	1	0	10
0	1	0	11
0	1	0	12
0	1	0	13
0	1	0	14
0	1	0	15
0	1	0	16
0	1	0	17
0	1	0	18
0	1	0	19
0	1	0	20
0	1	0	21
0	1	0	22
0	1	0	23
0	1	0	24
0	1	0	25
0	1	0	26
0	1	0	27
0	1	0	28
0	1	0	29
0	1	0	30
0	1	0	31
0	1	0	32
0	1	0	33
0	1	0	34
0	1	0	35
0	1	0	36
0	1	0	37
0	1	0	38
0	1	0	39
0	1	0	40
0	1	0	41
0	1	0	42
0	1	0	43
0	1	0	44
0	1	0	45
0	1	0	46
0	1	0	47
0	1	0	48
0	1	0	49
0	1	0	50
0	1	0	51
0	1	0	52
0	1	0	53
0	1	0	54
0	1	0	55
0	1	0	56
0	1	0	57
0	1	0	58
0	1	0	59
0	1	0	60
0	1	0	61
0	1	0	62
0	1	0	63
0	1	0	64
0	1	0	65
0	1	0	66
0	1	0	67
0	1	0	68
0	1	0	69
0	1	0	70
0	1	0	71
0	1	0	72
0	1	0	73
0	1	0	74
0	1	0	75
0	1	0	76
0	1	0	77
0	1	0	78
0	1	0	79
0	1	0	80
0	1	0	81
0	1	0	82
0	1	0	83
0	1	0	84
0	1	0	85
0	1	0	86
0	1	0	87
0	1	0	88
0	1	0	89
0	1	0	90
0	1	0	91
0	1	0	92
0	1	0	93
0	1	0	94
0	1	0	95
0	1	0	96
0	1	0	97
0	1	0	98
0	1	0	99
0	1	0	100
0	1	0	101
0	1	0	102
0	1	0	103
0	1	0	104
0	1	0	105
0	1	0	106
0	1	0	107
0	1	0	108
0	1	0	109
0	1	0	110
0	1	0	111
0	1	0	112
0	1	0	113
0	1	0	114
0	1	0	115
0	1	0	116
0	1	0	117
0	1	0	118
0	1	0	119
0	1	0	120
0	1	0	121
0	1	0	122
0	1	0	123
0	1	0	124
0	1	0	125
0	1	0	126
0	1	0	127
0	1	1	0
0	1	1	1
0	1	1	2
0	1	1	3
0	1	1	4
0	1	1	5
0	1	1	6
0	1	1	7
0	1	1	8
0	1	1	9
0	1	1	10
0	1	1	11
0	1	1	12
0	1	1	13
0	1	1	14
0	1	1	15
0	1	1	16
0	1	1	17
0	1	1	18
0	1	1	19
0	1	1	20
0	1	1	21
0	1	1	22
0	1	1	23
0	1	1	24
0	1	1	25
0	1	1	26
0	1	1	27
0	1	1	28
0	1	1	29
0	1	1	30
0	1	1	31
0	1	1	32
0	1	1	33
0	1	1	34
0	1	1	35
0	1	1	36
0	1	1	37
0	1	1	38
0	1	1	39
0	1	1	40
0	1	1	41
0	1	1	42
0	1	1	43
0	1	1	44
0	1	1	45
0	1	1	46
0	1	1	47
0	1	1	48
0	1	1	49
0	1	1	50
0	1	1	51
0	1	1	52
0	1	1	53
0	1	1	54
0	1	1	55
0	1	1	56
0	1	1	57
0	1	1	58
0	1	1	59
0	1	1	60
0	1	1	61
0	1	1	62
0	1	1	63
0	1	1	64
0	1	1	65
0	1	1	66
0	1	1	67
0	1	1	68
0	1	1	69
0	1	1	70
0	1	1	71
0	1	1	72
0	1	1	73
0	1	1	74
0	1	1	75
0	1	1	76
0	1	1	77
0	1	1	78
0	1	1	79
0	1	1	80
0	1	1	81
0	1	1	82
0	1	1	83
0	1	1	84
0	1	1	85
0	1	1	86
0	1	1	87
0	1	1	88
0	1	1	89
0	1	1	90
0	1	1	91
0	1	1	92
0	1	1	93
0	1	1	94
0	1	1	95
0	1	1	96
0	1	1	97
0	1	1	98
0	1	1	99
0	1	1	100
0	1	1	101
0	1	1	102
0	1	1	103
0	1	1	104
0	1	1	105
0	1	1	106
0	1	1	107
0	1	1	108
0	1	1	109
0	1	1	110
0	1	1	111
0	1	1	112
0	1	1	113
0	1	1	114
0	1	1	115
0	1	1	116
0	1	1	117
0	1	1	118
0	1	1	119
0	1	1	120
0	1	1	121
0	1	1	122
0	1	1	123
0	1	1	124
0	1	1	125
0	1	1	126
0	1	1	127
0	1	2	0
0	1	2	1
0	1	2	2
0	1	2	3
0	1	2	4
0	1	2	5
0	1	2	6
0	1	2	7
0	1	2	8
0	1	2	9
0	1	2	10
0	1	2	11
0	1	2	12
0	1	2	13
0	1	2	14
0	1	2	15
0	1	2	16
0	1	2	17
0	1	2	18
0	1	2	19
0	1	2	20
0	1	2	21
0	1	2	22
0	1	2	23
0	1	2	24
0	1	2	25
0	1	2	26
0	1	2	27
0	1	2	28
0	1	2	29
0	1	2	30
0	1	2	31
0	1	2	32
0	1	2	33
0	1	2	34
0	1	2	35
0	1	2	36
0	1	2	37
0	1	2	38
0	1	2	39
0	1	2	40
0	1	2	41
0	1	2	42
0	1	2	43
0	1	2	44
0	1	2	45
0	1	2	46
0	1	2	47
0	1	2	48
0	1	2	49
0	1	2	50
0	1	2	51
0	1	2	52
0	1	2	53
0	1	2	54
0	1	2	55
0	1	2	56
0	1	2	57
0	1	2	58
0	1	2	59
0	1	2	60
0	1	2	61
0	1	2	62
0	1	2	63
0	1	2	64
0	1	2	65
0	1	2	66
0	1	2	67
0	1	2	68
0	1	2	69
0	1	2	70
0	1	2	71
0	1	2	72
0	1	2	73
0	1	2	74
0	1	2	75
0	1	2	76
0	1	2	77
0	1	2	78
0	1	2	79
0	1	2	80
0	1	2	81
0	1	2	82
0	1	2	83
0	1	2	84
0	1	2	85
0	1	2	86
0	1	2	87
0	1	2	88
0	1	2	89
0	1	2	90
0	1	2	91
0	1	2	92
0	1	2	93
0	1	2	94
0	1	2	95
0	1	2	96
0	1	2	97
0	1	2	98
0	1	2	99
0	1	2	100
0	1	2	101
0	1	2	102
0	1	2	103
0	1	2	104
0	1	2	105
0	1	2	106
0	1	2	107
0	1	2	108
0	1	2	109
0	1	2	110
0	1	2	111
0	1	2	112
0	1	2	113
0	1	2	114
0	1	2	115
0	1	2	116
0	1	2	117
0	1	2	118
0	1	2	119
0	1	2	120
0	1	2	121
0	1	2	122
0	1	2	123
0	1	2	124
0	1	2	125
0	1	2	126
0	1	2	127
0	1	3	0
0	1	3	1
0	1	3	2
0	1	3	3
0	1	3	4
0	1	3	5
0	1	3	6
0	1	3	7
0	1	3	8
0	1	3	9
0	1	3	10
0	1	3	11
0	1	3	12
0	1	3	13
0	1	3	14
0	1	3	15
0	1	3	16
0	1	3	17
0	1	3	18
0	1	3	19
0	1	3	20
0	1	3	21
0	1	3	22
0	1	3	23
0	1	3	24
0	1	3	25
0	1	3	26
0	1	3	27
0	1	3	28
0	1	3	29
0	1	3	30
0	1	3	31
0	1	3	32
0	1	3	33
0	1	3	34
0	1	3	35
0	1	3	36
0	1	3	37
0	1	3	38
0	1	3	39
0	1	3	40
0	1	3	41
0	1	3	42
0	1	3	43
0	1	3	44
0	1	3	45
0	1	3	46
0	1	3	47
0	1	3	48
0	1	3	49
0	1	3	50
0	1	3	51
0	1	3	52
0	1	3	53
0	1	3	54
0	1	3	55
0	1	3	56
0	1	3	57
0	1	3	58
0	1	3	59
0	1	3	60
0	1	3	61
0	1	3	62
0	1	3	63
0	1	3	64
0	1	3	65
0	1	3	66
0	1	3	67
0	1	3	68
0	1	3	69
0	1	3	70
0	1	3	71
0	1	3	72
0	1	3	73
0	1	3	74
0	1	3	75
0	1	3	76
0	1	3	77
0	1	3	78
0	1	3	79
0	1	3	80
0	1	3	81
0	1	3	82
0	1	3	83
0	1	3	84
0	1	3	85
0	1	3	86
0	1	3	87
0	1	3	88
0	1	3	89
0	1	3	90
0	1	3	91
0	1	3	92
0	1	3	93
0	1	3	94
0	1	3	95
0	1	3	96
0	1	3	97
0	1	3	98
0	1	3	99
0	1	3	100
0	1	3	101
0	1	3	102
0	1	3	103
0	1	3	104
0	1	3	105
0	1	3	106
0	1	3	107
0	1	3	108
0	1	3	109
0	1	3	110
0	1	3	111
0	1	3	112
0	1	3	113
0	1	3	114
0	1	3	115
0	1	3	116
0	1	3	117
0	1	3	118
0	1	3	119
0	1	3	120
0	1	3	121
0	1	3	122
0	1	3	123
0	1	3	124
0	1	3	125
0	1	3	126
0	1	3	127
0	1	4	0
0	1	4	1
0	1	4	2
0	1	4	3
0	1	4	4
0	1	4	5
0	1	4	6
0	1	4	7
0	1	4	8
0	1	4	9
0	1	4	10
0	1	4	11
0	1	4	12
0	1	4	13
0	1	4	14
0	1	4	15
0	1	4	16
0	1	4	17
0	1	4	18
0	1	4	19
0	1	4	20
0	1	4	21
0	1	4	22
0	1	4	23
0	1	4	24
0	1	4	25
0	1	4	26
0	1	4	27
0	1	4	28
0	1	4	29
0	1	4	30
0	1	4	31
0	1	4	32
0	1	4	33
0	1	4	34
0	1	4	35
0	1	4	36
0	1	4	37
0	1	4	38
0	1	4	39
0	1	4	40
0	1	4	41
0	1	4	42
0	1	4	43
0	1	4	44
0	1	4	45
0	1	4	46
0	1	4	47
0	1	4	48
0	1	4	49
0	1	4	50
0	1	4	51
0	1	4	52
0	1	4	53
0	1	4	54
0	1	4	55
0	1	4	56
0	1	4	57
0	1	4	58
0	1	4	59
0	1	4	60
0	1	4	61
0	1	4	62
0	1	4	63
0	1	4	64
0	1	4	65
0	1	4	66
0	1	4	67
0	1	4	68
0	1	4	69
0	1	4	70
0	1	4	71
0	1	4	72
0	1	4	73
0	1	4	74
0	1	4	75
0	1	4	76
0	1	4	77
0	1	4	78
0	1	4	79
0	1	4	80
0	1	4	81
0	1	4	82
0	1	4	83
0	1	4	84
0	1	4	85
0	1	4	86
0	1	4	87
0	1	4	88
0	1	4	89
0	1	4	90
0	1	4	91
0	1	4	92
0	1	4	93
0	1	4	94
0	1	4	95
0	1	4	96
0	1	4	97
0	1	4	98
0	1	4	99
0	1	4	100
0	1	4	101
0	1	4	102
0	1	4	103
0	1	4	104
0	1	4	105
0	1	4	106
0	1	4	107
0	1	4	108
0	1	4	109
0	1	4	110
0	1	4	111
0	1	4	112
0	1	4	113
0	1	4	114
0	1	4	115
0	1	4	116
0	1	4	117
0	1	4	118
0	1	4	119
0	1	4	120
0	1	4	121
0	1	4	122
0	1	4	123
0	1	4	124
0	1	4	125
0	1	4	126
0	1	4	127
0	1	5	0
0	1	5	1
0	1	5	2
0	1	5	3
0	1	5	4
0	1	5	5
0	1	5	6
0	1	5	7
0	1	5	8
0	1	5	9
0	1	5	10
0	1	5	11
0	1	5	12
0	1	5	13
0	1	5	14
0	1	5	15
0	1	5	16
0	1	5	17
0	1	5	18
0	1	5	19
0	1	5	20
0	1	5	21
0	1	5	22
0	1	5	23
0	1	5	24
0	1	5	25
0	1	5	26
0	1	5	27
0	1	5	28
0	1	5	29
0	1	5	30
0	1	5	31
0	1	5	32
0	1	5	33
0	1	5	34
0	1	5	35
0	1	5	36
0	1	5	37
0	1	5	38
0	1	5	39
0	1	5	40
0	1	5	41
0	1	5	42
0	1	5	43
0	1	5	44
0	1	5	45
0	1	5	46
0	1	5	47
0	1	5	48
0	1	5	49
0	1	5	50
0	1	5	51
0	1	5	52
0	1	5	53
0	1	5	54
0	1	5	55
0	1	5	56
0	1	5	57
0	1	5	58
0	1	5	59
0	1	5	60
0	1	5	61
0	1	5	62
0	1	5	63
0	1	5	64
0	1	5	65
0	1	5	66
0	1	5	67
0	1	5	68
0	1	5	69
0	1	5	70
0	1	5	71
0	1	5	72
0	1	5	73
0	1	5	74
0	1	5	75
0	1	5	76
0	1	5	77
0	1	5	78
0	1	5	79
0	1	5	80
0	1	5	81
0	1	5	82
0	1	5	83
0	1	5	84
0	1	5	85
0	1	5	86
0	1	5	87
0	1	5	88
0	1	5	89
0	1	5	90
0	1	5	91
0	1	5	92
0	1	5	93
0	1	5	94
0	1	5	95
0	1	5	96
0	1	5	97
0	1	5	98
0	1	5	99
0	1	5	100
0	1	5	101
0	1	5	102
0	1	5	103
0	1	5	104
0	1	5	105
0	1	5	106
0	1	5	107
0	1	5	108
0	1	5	109
0	1	5	110
0	1	5	111
0	1	5	112
0	1	5	113
0	1	5	114
0	1	5	115
0	1	5	116
0	1	5	117
0	1	5	118
0	1	5	119
0	1	5	120
0	1	5	121
0	1	5	122
0	1	5	123
0	1	5	124
0	1	5	125
0	1	5	126
0	1	5	127
0	1	6	0
0	1	6	1
0	1	6	2
0	1	6	3
0	1	6	4
0	1	6	5
0	1	6	6
0	1	6	7
0	1	6	8
0	1	6	9
0	1	6	10
0	1	6	11
0	1	6	12
0	1	6	13
0	1	6	14
0	1	6	15
0	1	6	16
0	1	6	17
0	1	6	18
0	1	6	19
0	1	6	20
0	1	6	21
0	1	6	22
0	1	6	23
0	1	6	24
0	1	6	25
0	1	6	26
0	1	6	27
0	1	6	28
0	1	6	29
0	1	6	30
0	1	6	31
0	1	6	32
0	1	6	33
0	1	6	34
0	1	6	35
0	1	6	36
0	1	6	37
0	1	6	38
0	1	6	39
0	1	6	40
0	1	6	41
0	1	6	42
0	1	6	43
0	1	6	44
0	1	6	45
0	1	6	46
0	1	6	47
0	1	6	48
0	1	6	49
0	1	6	50
0	1	6	51
0	1	6	52
0	1	6	53
0	1	6	54
0	1	6	55
0	1	6	56
0	1	6	57
0	1	6	58
0	1	6	59
0	1	6	60
0	1	6	61
0	1	6	62
0	1	6	63
0	1	6	64
0	1	6	65
0	1	6	66
0	1	6	67
0	1	6	68
0	1	6	69
0	1	6	70
0	1	6	71
0	1	6	72
0	1	6	73
0	1	6	74
0	1	6	75
0	1	6	76
0	1	6	77
0	1	6	78
0	1	6	79
0	1	6	80
0	1	6	81
0	1	6	82
0	1	6	83
0	1	6	84
0	1	6	85
0	1	6	86
0	1	6	87
0	1	6	88
0	1	6	89
0	1	6	90
0	1	6	91
0	1	6	92
0	1	6	93
0	1	6	94
0	1	6	95
0	1	6	96
0	1	6	97
0	1	6	98
0	1	6	99
0	1	6	100
0	1	6	101
0	1	6	102
0	1	6	103
0	1	6	104
0	1	6	105
0	1	6	106
0	1	6	107
0	1	6	108
0	1	6	109
0	1	6	110
0	1	6	111
0	1	6	112
0	1	6	113
0	1	6	114
0	1	6	115
0	1	6	116
0	1	6	117
0	1	6	118
0	1	6	119
0	1	6	120
0	1	6	121
0	1	6	122
0	1	6	123
0	1	6	124
0	1	6	125
0	1	6	126
0	1	6	127
0	1	7	0
0	1	7	1
0	1	7	2
0	1	7	3
0	1	7	4
0	1	7	5
0	1	7	6
0	1	7	7
0	1	7	8
0	1	7	9
0	1	7	10
0	1	7	11
0	1	7	12
0	1	7	13
0	1	7	14
0	1	7	15
0	1	7	16
0	1	7	17
0	1	7	18
0	1	7	19
0	1	7	20
0	1	7	21
0	1	7	22
0	1	7	23
0	1	7	24
0	1	7	25
0	1	7	26
0	1	7	27
0	1	7	28
0	1	7	29
0	1	7	30
0	1	7	31
0	1	7	32
0	1	7	33
0	1	7	34
0	1	7	35
0	1	7	36
0	1	7	37
0	1	7	38
0	1	7	39
0	1	7	40
0	1	7	41
0	1	7	42
0	1	7	43
0	1	7	44
0	1	7	45
0	1	7	46
0	1	7	47
0	1	7	48
0	1	7	49
0	1	7	50
0	1	7	51
0	1	7	52
0	1	7	53
0	1	7	54
0	1	7	55
0	1	7	56
0	1	7	57
0	1	7	58
0	1	7	59
0	1	7	60
0	1	7	61
0	1	7	62
0	1	7	63
0	1	7	64
0	1	7	65
0	1	7	66
0	1	7	67
0	1	7	68
0	1	7	69
0	1	7	70
0	1	7	71
0	1	7	72
0	1	7	73
0	1	7	74
0	1	7	75
0	1	7	76
0	1	7	77
0	1	7	78
0	1	7	79
0	1	7	80
0	1	7	81
0	1	7	82
0	1	7	83
0	1	7	84
0	1	7	85
0	1	7	86
0	1	7	87
0	1	7	88
0	1	7	89
0	1	7	90
0	1	7	91
0	1	7	92
0	1	7	93
0	1	7	94
0	1	7	95
0	1	7	96
0	1	7	97
0	1	7	98
0	1	7	99
0	1	7	100
0	1	7	101
0	1	7	102
0	1	7	103
0	1	7	104
0	1	7	105
0	1	7	106
0	1	7	107
0	1	7	108
0	1	7	109
0	1	7	110
0	1	7	111
0	1	7	112
0	1	7	113
0	1	7	114
0	1	7	115
0	1	7	116
0	1	7	117
0	1	7	118
0	1	7	119
0	1	7	120
0	1	7	121
0	1	7	122
0	1	7	123
0	1	7	124
0	1	7	125
0	1	7	126
0	1	7	127
0	1	8	0
0	1	8	1
0	1	8	2
0	1	8	3
0	1	8	4
0	1	8	5
0	1	8	6
0	1	8	7
0	1	8	8
0	1	8	9
0	1	8	10
0	1	8	11
0	1	8	12
0	1	8	13
0	1	8	14
0	1	8	15
0	1	8	16
0	1	8	17
0	1	8	18
0	1	8	19
0	1	8	20
0	1	8	21
0	1	8	22
0	1	8	23
0	1	8	24
0	1	8	25
0	1	8	26
0	1	8	27
0	1	8	28
0	1	8	29
0	1	8	30
0	1	8	31
0	1	8	32
0	1	8	33
0	1	8	34
0	1	8	35
0	1	8	36
0	1	8	37
0	1	8	38
0	1	8	39
0	1	8	40
0	1	8	41
0	1	8	42
0	1	8	43
0	1	8	44
0	1	8	45
0	1	8	46
0	1	8	47
0	1	8	48
0	1	8	49
0	1	8	50
0	1	8	51
0	1	8	52
0	1	8	53
0	1	8	54
0	1	8	55
0	1	8	56
0	1	8	57
0	1	8	58
0	1	8	59
0	1	8	60
0	1	8	61
0	1	8	62
0	1	8	63
0	1	8	64
0	1	8	65
0	1	8	66
0	1	8	67
0	1	8	68
0	1	8	69
0	1	8	70
0	1	8	71
0	1	8	72
0	1	8	73
0	1	8	74
0	1	8	75
0	1	8	76
0	1	8	77
0	1	8	78
0	1	8	79
0	1	8	80
0	1	8	81
0	1	8	82
0	1	8	83
0	1	8	84
0	1	8	85
0	1	8	86
0	1	8	87
0	1	8	88
0	1	8	89
0	1	8	90
0	1	8	91
0	1	8	92
0	1	8	93
0	1	8	94
0	1	8	95
0	1	8	96
0	1	8	97
0	1	8	98
0	1	8	99
0	1	8	100
0	1	8	101
0	1	8	102
0	1	8	103
0	1	8	104
0	1	8	105
0	1	8	106
0	1	8	107
0	1	8	108
0	1	8	109
0	1	8	110
0	1	8	111
0	1	8	112
0	1	8	113
0	1	8	114
0	1	8	115
0	1	8	116
0	1	8	117
0	1	8	118
0	1	8	119
0	1	8	120
0	1	8	121
0	1	8	122
0	1	8	123
0	1	8	124
0	1	8	125
0	1	8	126
0	1	8	127
0	1	9	0
0	1	9	1
0	1	9	2
0	1	9	3
0	1	9	4
0	1	9	5
0	1	9	6
0	1	9	7
0	1	9	8
0	1	9	9
0	1	9	10
0	1	9	11
0	1	9	12
0	1	9	13
0	1	9	14
0	1	9	15
0	1	9	16
0	1	9	17
0	1	9	18
0	1	9	19
0	1	9	20
0	1	9	21
0	1	9	22
0	1	9	23
0	1	9	24
0	1	9	25
0	1	9	26
0	1	9	27
0	1	9	28
0	1	9	29
0	1	9	30
0	1	9	31
0	1	9	32
0	1	9	33
0	1	9	34
0	1	9	35
0	1	9	36
0	1	9	37
0	1	9	38
0	1	9	39
0	1	9	40
0	1	9	41
0	1	9	42
0	1	9	43
0	1	9	44
0	1	9	45
0	1	9	46
0	1	9	47
0	1	9	48
0	1	9	49
0	1	9	50
0	1	9	51
0	1	9	52
0	1	9	53
0	1	9	54
0	1	9	55
0	1	9	56
0	1	9	57
0	1	9	58
0	1	9	59
0	1	9	60
0	1	9	61
0	1	9	62
0	1	9	63
0	1	9	64
0	1	9	65
0	1	9	66
0	1	9	67
0	1	9	68
0	1	9	69
0	1	9	70
0	1	9	71
0	1	9	72
0	1	9	73
0	1	9	74
0	1	9	75
0	1	9	76
0	1	9	77
0	1	9	78
0	1	9	79
0	1	9	80
0	1	9	81
0	1	9	82
0	1	9	83
0	1	9	84
0	1	9	85
0	1	9	86
0	1	9	87
0	1	9	88
0	1	9	89
0	1	9	90
0	1	9	91
0	1	9	92
0	1	9	93
0	1	9	94
0	1	9	95
0	1	9	96
0	1	9	97
0	1	9	98
0	1	9	99
0	1	9	100
0	1	9	101
0	1	9	102
0	1	9	103
0	1	9	104
0	1	9	105
0	1	9	106
0	1	9	107
0	1	9	108
0	1	9	109
0	1	9	110
0	1	9	111
0	1	9	112
0	1	9	113
0	1	9	114
0	1	9	115
0	1	9	116
0	1	9	117
0	1	9	118
0	1	9	119
0	1	9	120
0	1	9	121
0	1	9	122
0	1	9	123
0	1	9	124
0	1	9	125
0	1	9	126
0	1	9	127
0	1	10	0
0	1	10	1
0	1	10	2
0	1	10	3
0	1	10	4
0	1	10	5
0	1	10	6
0	1	10	7
0	1	10	8
0	1	10	9
0	1	10	10
0	1	10	11
0	1	10	12
0	1	10	13
0	1	10	14
0	1	10	15
0	1	10	16
0	1	10	17
0	1	10	18
0	1	10	19
0	1	10	20
0	1	10	21
0	1	10	22
0	1	10	23
0	1	10	24
0	1	10	25
0	1	10	26
0	1	10	27
0	1	10	28
0	1	10	29
0	1	10	30
0	1	10	31
0	1	10	32
0	1	10	33
0	1	10	34
0	1	10	35
0	1	10	36
0	1	10	37
0	1	10	38
0	1	10	39
0	1	10	40
0	1	10	41
0	1	10	42
0	1	10	43
0	1	10	44
0	1	10	45
0	1	10	46
0	1	10	47
0	1	10	48
0	1	10	49
0	1	10	50
0	1	10	51
0	1	10	52
0	1	10	53
0	1	10	54
0	1	10	55
0	1	10	56
0	1	10	57
0	1	10	58
0	1	10	59
0	1	10	60
0	1	10	61
0	1	10	62
0	1	10	63
0	1	10	64
0	1	10	65
0	1	10	66
0	1	10	67
0	1	10	68
0	1	10	69
0	1	10	70
0	1	10	71
0	1	10	72
0	1	10	73
0	1	10	74
0	1	10	75
0	1	10	76
0	1	10	77
0	1	10	78
0	1	10	79
0	1	10	80
0	1	10	81
0	1	10	82
0	1	10	83
0	1	10	84
0	1	10	85
0	1	10	86
0	1	10	87
0	1	10	88
0	1	10	89
0	1	10	90
0	1	10	91
0	1	10	92
0	1	10	93
0	1	10	94
0	1	10	95
0	1	10	96
0	1	10	97
0	1	10	98
0	1	10	99
0	1	10	100
0	1	10	101
0	1	10	102
0	1	10	103
0	1	10	104
0	1	10	105
0	1	10	106
0	1	10	107
0	1	10	108
0	1	10	109
0	1	10	110
0	1	10	111
0	1	10	112
0	1	10	113
0	1	10	114
0	1	10	115
0	1	10	116
0	1	10	117
0	1	10	118
0	1	10	119
0	1	10	120
0	1	10	121
0	1	10	122
0	1	10	123
0	1	10	124
0	1	10	125
0	1	10	126
0	1	10	127
0	1	11	0
0	1	11	1
0	1	11	2
0	1	11	3
0	1	11	4
0	1	11	5
0	1	11	6
0	1	11	7
0	1	11	8
0	1	11	9
0	1	11	10
0	1	11	11
0	1	11	12
0	1	11	13
0	1	11	14
0	1	11	15
0	1	11	16
0	1	11	17
0	1	11	18
0	1	11	19
0	1	11	20
0	1	11	21
0	1	11	22
0	1	11	23
0	1	11	24
0	1	11	25
0	1	11	26
0	1	11	27
0	1	11	28
0	1	11	29
0	1	11	30
0	1	11	31
0	1	11	32
0	1	11	33
0	1	11	34
0	1	11	35
0	1	11	36
0	1	11	37
0	1	11	38
0	1	11	39
0	1	11	40
0	1	11	41
0	1	11	42
0	1	11	43
0	1	11	44
0	1	11	45
0	1	11	46
0	1	11	47
0	1	11	48
0	1	11	49
0	1	11	50
0	1	11	51
0	1	11	52
0	1	11	53
0	1	11	54
0	1	11	55
0	1	11	56
0	1	11	57
0	1	11	58
0	1	11	59
0	1	11	60
0	1	11	61
0	1	11	62
0	1	11	63
0	1	11	64
0	1	11	65
0	1	11	66
0	1	11	67
0	1	11	68
0	1	11	69
0	1	11	70
0	1	11	71
0	1	11	72
0	1	11	73
0	1	11	74
0	1	11	75
0	1	11	76
0	1	11	77
0	1	11	78
0	1	11	79
0	1	11	80
0	1	11	81
0	1	11	82
0	1	11	83
0	1	11	84
0	1	11	85
0	1	11	86
0	1	11	87
0	1	11	88
0	1	11	89
0	1	11	90
0	1	11	91
0	1	11	92
0	1	11	93
0	1	11	94
0	1	11	95
0	1	11	96
0	1	11	97
0	1	11	98
0	1	11	99
0	1	11	100
0	1	11	101
0	1	11	102
0	1	11	103
0	1	11	104
0	1	11	105
0	1	11	106
0	1	11	107
0	1	11	108
0	1	11	109
0	1	11	110
0	1	11	111
0	1	11	112
0	1	11	113
0	1	11	114
0	1	11	115
0	1	11	116
0	1	11	117
0	1	11	118
0	1	11	119
0	1	11	120
0	1	11	121
0	1	11	122
0	1	11	123
0	1	11	124
0	1	11	125
0	1	11	126
0	1	11	127
0	1	12	0
0	1	12	1
0	1	12	2
0	1	12	3
0	1	12	4
0	1	12	5
0	1	12	6
0	1	12	7
0	1	12	8
0	1	12	9
0	1	12	10
0	1	12	11
0	1	12	12
0	1	12	13
0	1	12	14
0	1	12	15
0	1	12	16
0	1	12	17
0	1	12	18
0	1	12	19
0	1	12	20
0	1	12	21
0	1	12	22
0	1	12	23
0	1	12	24
0	1	12	25
0	1	12	26
0	1	12	27
0	1	12	28
0	1	12	29
0	1	12	30
0	1	12	31
0	1	12	32
0	1	12	33
0	1	12	34
0	1	12	35
0	1	12	36
0	1	12	37
0	1	12	38
0	1	12	39
0	1	12	40
0	1	12	41
0	1	12	42
0	1	12	43
0	1	12	44
0	1	12	45
0	1	12	46
0	1	12	47
0	1	12	48
0	1	12	49
0	1	12	50
0	1	12	51
0	1	12	52
0	1	12	53
0	1	12	54
0	1	12	55
0	1	12	56
0	1	12	57
0	1	12	58
0	1	12	59
0	1	12	60
0	1	12	61
0	1	12	62
0	1	12	63
0	1	12	64
0	1	12	65
0	1	12	66
0	1	12	67
0	1	12	68
0	1	12	69
0	1	12	70
0	1	12	71
0	1	12	72
0	1	12	73
0	1	12	74
0	1	12	75
0	1	12	76
0	1	12	77
0	1	12	78
0	1	12	79
0	1	12	80
0	1	12	81
0	1	12	82
0	1	12	83
0	1	12	84
0	1	12	85
0	1	12	86
0	1	12	87
0	1	12	88
0	1	12	89
0	1	12	90
0	1	12	91
0	1	12	92
0	1	12	93
0	1	12	94
0	1	12	95
0	1	12	96
0	1	12	97
0	1	12	98
0	1	12	99
0	1	12	100
0	1	12	101
0	1	12	102
0	1	12	103
0	1	12	104
0	1	12	105
0	1	12	106
0	1	12	107
0	1	12	108
0	1	12	109
0	1	12	110
0	1	12	111
0	1	12	112
0	1	12	113
0	1	12	114
0	1	12	115
0	1	12	116
0	1	12	117
0	1	12	118
0	1	12	119
0	1	12	120
0	1	12	121
0	1	12	122
0	1	12	123
0	1	12	124
0	1	12	125
0	1	12	126
0	1	12	127
0	1	13	0
0	1	13	1
0	1	13	2
0	1	13	3
0	1	13	4
0	1	13	5
0	1	13	6
0	1	13	7
0	1	13	8
0	1	13	9
0	1	13	10
0	1	13	11
0	1	13	12
0	1	13	13
0	1	13	14
0	1	13	15
0	1	13	16
0	1	13	17
0	1	13	18
0	1	13	19
0	1	13	20
0	1	13	21
0	1	13	22
0	1	13	23
0	1	13	24
0	1	13	25
0	1	13	26
0	1	13	27
0	1	13	28
0	1	13	29
0	1	13	30
0	1	13	31
0	1	13	32
0	1	13	33
0	1	13	34
0	1	13	35
0	1	13	36
0	1	13	37
0	1	13	38
0	1	13	39
0	1	13	40
0	1	13	41
0	1	13	42
0	1	13	43
0	1	13	44
0	1	13	45
0	1	13	46
0	1	13	47
0	1	13	48
0	1	13	49
0	1	13	50
0	1	13	51
0	1	13	52
0	1	13	53
0	1	13	54
0	1	13	55
0	1	13	56
0	1	13	57
0	1	13	58
0	1	13	59
0	1	13	60
0	1	13	61
0	1	13	62
0	1	13	63
0	1	13	64
0	1	13	65
0	1	13	66
0	1	13	67
0	1	13	68
0	1	13	69
0	1	13	70
0	1	13	71
0	1	13	72
0	1	13	73
0	1	13	74
0	1	13	75
0	1	13	76
0	1	13	77
0	1	13	78
0	1	13	79
0	1	13	80
0	1	13	81
0	1	13	82
0	1	13	83
0	1	13	84
0	1	13	85
0	1	13	86
0	1	13	87
0	1	13	88
0	1	13	89
0	1	13	90
0	1	13	91
0	1	13	92
0	1	13	93
0	1	13	94
0	1	13	95
0	1	13	96
0	1	13	97
0	1	13	98
0	1	13	99
0	1	13	100
0	1	13	101
0	1	13	102
0	1	13	103
0	1	13	104
0	1	13	105
0	1	13	106
0	1	13	107
0	1	13	108
0	1	13	109
0	1	13	110
0	1	13	111
0	1	13	112
0	1	13	113
0	1	13	114
0	1	13	115
0	1	13	116
0	1	13	117
0	1	13	118
0	1	13	119
0	1	13	120
0	1	13	121
0	1	13	122
0	1	13	123
0	1	13	124
0	1	13	125
0	1	13	126
0	1	13	127
0	1	14	0
0	1	14	1
0	1	14	2
0	1	14	3
0	1	14	4
0	1	14	5
0	1	14	6
0	1	14	7
0	1	14	8
0	1	14	9
0	1	14	10
0	1	14	11
0	1	14	12
0	1	14	13
0	1	14	14
0	1	14	15
0	1	14	16
0	1	14	17
0	1	14	18
0	1	14	19
0	1	14	20
0	1	14	21
0	1	14	22
0	1	14	23
0	1	14	24
0	1	14	25
0	1	14	26
0	1	14	27
0	1	14	28
0	1	14	29
0	1	14	30
0	1	14	31
0	1	14	32
0	1	14	33
0	1	14	34
0	1	14	35
0	1	14	36
0	1	14	37
0	1	14	38
0	1	14	39
0	1	14	40
0	1	14	41
0	1	14	42
0	1	14	43
0	1	14	44
0	1	14	45
0	1	14	46
0	1	14	47
0	1	14	48
0	1	14	49
0	1	14	50
0	1	14	51
0	1	14	52
0	1	14	53
0	1	14	54
0	1	14	55
0	1	14	56
0	1	14	57
0	1	14	58
0	1	14	59
0	1	14	60
0	1	14	61
0	1	14	62
0	1	14	63
0	1	14	64
0	1	14	65
0	1	14	66
0	1	14	67
0	1	14	68
0	1	14	69
0	1	14	70
0	1	14	71
0	1	14	72
0	1	14	73
0	1	14	74
0	1	14	75
0	1	14	76
0	1	14	77
0	1	14	78
0	1	14	79
0	1	14	80
0	1	14	81
0	1	14	82
0	1	14	83
0	1	14	84
0	1	14	85
0	1	14	86
0	1	14	87
0	1	14	88
0	1	14	89
0	1	14	90
0	1	14	91
0	1	14	92
0	1	14	93
0	1	14	94
0	1	14	95
0	1	14	96
0	1	14	97
0	1	14	98
0	1	14	99
0	1	14	100
0	1	14	101
0	1	14	102
0	1	14	103
0	1	14	104
0	1	14	105
0	1	14	106
0	1	14	107
0	1	14	108
0	1	14	109
0	1	14	110
0	1	14	111
0	1	14	112
0	1	14	113
0	1	14	114
0	1	14	115
0	1	14	116
0	1	14	117
0	1	14	118
0	1	14	119
0	1	14	120
0	1	14	121
0	1	14	122
0	1	14	123
0	1	14	124
0	1	14	125
0	1	14	126
0	1	14	127
0	1	15	0
0	1	15	1
0	1	15	2
0	1	15	3
0	1	15	4
0	1	15	5
0	1	15	6
0	1	15	7
0	1	15	8
0	1	15	9
0	1	15	10
0	1	15	11
0	1	15	12
0	1	15	13
0	1	15	14
0	1	15	15
0	1	15	16
0	1	15	17
0	1	15	18
0	1	15	19
0	1	15	20
0	1	15	21
0	1	15	22
0	1	15	23
0	1	15	24
0	1	15	25
0	1	15	26
0	1	15	27
0	1	15	28
0	1	15	29
0	1	15	30
0	1	15	31
0	1	15	32
0	1	15	33
0	1	15	34
0	1	15	35
0	1	15	36
0	1	15	37
0	1	15	38
0	1	15	39
0	1	15	40
0	1	15	41
0	1	15	42
0	1	15	43
0	1	15	44
0	1	15	45
0	1	15	46
0	1	15	47
0	1	15	48
0	1	15	49
0	1	15	50
0	1	15	51
0	1	15	52
0	1	15	53
0	1	15	54
0	1	15	55
0	1	15	56
0	1	15	57
0	1	15	58
0	1	15	59
0	1	15	60
0	1	15	61
0	1	15	62
0	1	15	63
0	1	15	64
0	1	15	65
0	1	15	66
0	1	15	67
0	1	15	68
0	1	15	69
0	1	15	70
0	1	15	71
0	1	15	72
0	1	15	73
0	1	15	74
0	1	15	75
0	1	15	76
0	1	15	77
0	1	15	78
0	1	15	79
0	1	15	80
0	1	15	81
0	1	15	82
0	1	15	83
0	1	15	84
0	1	15	85
0	1	15	86
0	1	15	87
0	1	15	88
0	1	15	89
0	1	15	90
0	1	15	91
0	1	15	92
0	1	15	93
0	1	15	94
0	1	15	95
0	1	15	96
0	1	15	97
0	1	15	98
0	1	15	99
0	1	15	100
0	1	15	101
0	1	15	102
0	1	15	103
0	1	15	104
0	1	15	105
0	1	15	106
0	1	15	107
0	1	15	108
0	1	15	109
0	1	15	110
0	1	15	111
0	1	15	112
0	1	15	113
0	1	15	114
0	1	15	115
0	1	15	116
0	1	15	117
0	1	15	118
0	1	15	119
0	1	15	120
0	1	15	121
0	1	15	122
0	1	15	123
0	1	15	124
0	1	15	125
0	1	15	126
0	1	15	127
0	1	16	0
0	1	16	1
0	1	16	2
0	1	16	3
0	1	16	4
0	1	16	5
0	1	16	6
0	1	16	7
0	1	16	8
0	1	16	9
0	1	16	10
0	1	16	11
0	1	16	12
0	1	16	13
0	1	16	14
0	1	16	15
0	1	16	16
0	1	16	17
0	1	16	18
0	1	16	19
0	1	16	20
0	1	16	21
0	1	16	22
0	1	16	23
0	1	16	24
0	1	16	25
0	1	16	26
0	1	16	27
0	1	16	28
0	1	16	29
0	1	16	30
0	1	16	31
0	1	16	32
0	1	16	33
0	1	16	34
0	1	16	35
0	1	16	36
0	1	16	37
0	1	16	38
0	1	16	39
0	1	16	40
0	1	16	41
0	1	16	42
0	1	16	43
0	1	16	44
0	1	16	45
0	1	16	46
0	1	16	47
0	1	16	48
0	1	16	49
0	1	16	50
0	1	16	51
0	1	16	52
0	1	16	53
0	1	16	54
0	1	16	55
0	1	16	56
0	1	16	57
0	1	16	58
0	1	16	59
0	1	16	60
0	1	16	61
0	1	16	62
0	1	16	63
0	1	16	64
0	1	16	65
0	1	16	66
0	1	16	67
0	1	16	68
0	1	16	69
0	1	16	70
0	1	16	71
0	1	16	72
0	1	16	73
0	1	16	74
0	1	16	75
0	1	16	76
0	1	16	77
0	1	16	78
0	1	16	79
0	1	16	80
0	1	16	81
0	1	16	82
0	1	16	83
0	1	16	84
0	1	16	85
0	1	16	86
0	1	16	87
0	1	16	88
0	1	16	89
0	1	16	90
0	1	16	91
0	1	16	92
0	1	16	93
0	1	16	94
0	1	16	95
0	1	16	96
0	1	16	97
0	1	16	98
0	1	16	99
0	1	16	100
0	1	16	101
0	1	16	102
0	1	16	103
0	1	16	104
0	1	16	105
0	1	16	106
0	1	16	107
0	1	16	108
0	1	16	109
0	1	16	110
0	1	16	111
0	1	16	112
0	1	16	113
0	1	16	114
0	1	16	115
0	1	16	116
0	1	16	117
0	1	16	118
0	1	16	119
0	1	16	120
0	1	16	121
0	1	16	122
0	1	16	123
0	1	16	124
0	1	16	125
0	1	16	126
0	1	16	127
0	1	17	0
0	1	17	1
0	1	17	2
0	1	17	3
0	1	17	4
0	1	17	5
0	1	17	6
0	1	17	7
0	1	17	8
0	1	17	9
0	1	17	10
0	1	17	11
0	1	17	12
0	1	17	13
0	1	17	14
0	1	17	15
0	1	17	16
0	1	17	17
0	1	17	18
0	1	17	19
0	1	17	20
0	1	17	21
0	1	17	22
0	1	17	23
0	1	17	24
0	1	17	25
0	1	17	26
0	1	17	27
0	1	17	28
0	1	17	29
0	1	17	30
0	1	17	31
0	1	17	32
0	1	17	33
0	1	17	34
0	1	17	35
0	1	17	36
0	1	17	37
0	1	17	38
0	1	17	39
0	1	17	40
0	1	17	41
0	1	17	42
0	1	17	43
0	1	17	44
0	1	17	45
0	1	17	46
0	1	17	47
0	1	17	48
0	1	17	49
0	1	17	50
0	1	17	51
0	1	17	52
0	1	17	53
0	1	17	54
0	1	17	55
0	1	17	56
0	1	17	57
0	1	17	58
0	1	17	59
0	1	17	60
0	1	17	61
0	1	17	62
0	1	17	63
0	1	17	64
0	1	17	65
0	1	17	66
0	1	17	67
0	1	17	68
0	1	17	69
0	1	17	70
0	1	17	71
0	1	17	72
0	1	17	73
0	1	17	74
0	1	17	75
0	1	17	76
0	1	17	77
0	1	17	78
0	1	17	79
0	1	17	80
0	1	17	81
0	1	17	82
0	1	17	83
0	1	17	84
0	1	17	85
0	1	17	86
0	1	17	87
0	1	17	88
0	1	17	89
0	1	17	90
0	1	17	91
0	1	17	92
0	1	17	93
0	1	17	94
0	1	17	95
0	1	17	96
0	1	17	97
0	1	17	98
0	1	17	99
0	1	17	100
0	1	17	101
0	1	17	102
0	1	17	103
0	1	17	104
0	1	17	105
0	1	17	106
0	1	17	107
0	1	17	108
0	1	17	109
0	1	17	110
0	1	17	111
0	1	17	112
0	1	17	113
0	1	17	114
0	1	17	115
0	1	17	116
0	1	17	117
0	1	17	118
0	1	17	119
0	1	17	120
0	1	17	121
0	1	17	122
0	1	17	123
0	1	17	124
0	1	17	125
0	1	17	126
0	1	17	127
0	1	18	0
0	1	18	1
0	1	18	2
0	1	18	3
0	1	18	4
0	1	18	5
0	1	18	6
0	1	18	7
0	1	18	8
0	1	18	9
0	1	18	10
0	1	18	11
0	1	18	12
0	1	18	13
0	1	18	14
0	1	18	15
0	1	18	16
0	1	18	17
0	1	18	18
0	1	18	19
0	1	18	20
0	1	18	21
0	1	18	22
0	1	18	23
0	1	18	24
0	1	18	25
0	1	18	26
0	1	18	27
0	1	18	28
0	1	18	29
0	1	18	30
0	1	18	31
0	1	18	32
0	1	18	33
0	1	18	34
0	1	18	35
0	1	18	36
0	1	18	37
0	1	18	38
0	1	18	39
0	1	18	40
0	1	18	41
0	1	18	42
0	1	18	43
0	1	18	44
0	1	18	45
0	1	18	46
0	1	18	47
0	1	18	48
0	1	18	49
0	1	18	50
0	1	18	51
0	1	18	52
0	1	18	53
0	1	18	54
0	1	18	55
0	1	18	56
0	1	18	57
0	1	18	58
0	1	18	59
0	1	18	60
0	1	18	61
0	1	18	62
0	1	18	63
0	1	18	64
0	1	18	65
0	1	18	66
0	1	18	67
0	1	18	68
0	1	18	69
0	1	18	70
0	1	18	71
0	1	18	72
0	1	18	73
0	1	18	74
0	1	18	75
0	1	18	76
0	1	18	77
0	1	18	78
0	1	18	79
0	1	18	80
0	1	18	81
0	1	18	82
0	1	18	83
0	1	18	84
0	1	18	85
0	1	18	86
0	1	18	87
0	1	18	88
0	1	18	89
0	1	18	90
0	1	18	91
0	1	18	92
0	1	18	93
0	1	18	94
0	1	18	95
0	1	18	96
0	1	18	97
0	1	18	98
0	1	18	99
0	1	18	100
0	1	18	101
0	1	18	102
0	1	18	103
0	1	18	104
0	1	18	105
0	1	18	106
0	1	18	107
0	1	18	108
0	1	18	109
0	1	18	110
0	1	18	111
0	1	18	112
0	1	18	113
0	1	18	114
0	1	18	115
0	1	18	116
0	1	18	117
0	1	18	118
0	1	18	119
0	1	18	120
0	1	18	121
0	1	18	122
0	1	18	123
0	1	18	124
0	1	18	125
0	1	18	126
0	1	18	127
0	1	19	0
0	1	19	1
0	1	19	2
0	1	19	3
0	1	19	4
0	1	19	5
0	1	19	6
0	1	19	7
0	1	19	8
0	1	19	9
0	1	19	10
0	1	19	11
0	1	19	12
0	1	19	13
0	1	19	14
0	1	19	15
0	1	19	16
0	1	19	17
0	1	19	18
0	1	19	19
0	1	19	20
0	1	19	21
0	1	19	22
0	1	19	23
0	1	19	24
0	1	19	25
0	1	19	26
0	1	19	27
0	1	19	28
0	1	19	29
0	1	19	30
0	1	19	31
0	1	19	32
0	1	19	33
0	1	19	34
0	1	19	35
0	1	19	36
0	1	19	37
0	1	19	38
0	1	19	39
0	1	19	40
0	1	19	41
0	1	19	42
0	1	19	43
0	1	19	44
0	1	19	45
0	1	19	46
0	1	19	47
0	1	19	48
0	1	19	49
0	1	19	50
0	1	19	51
0	1	19	52
0	1	19	53
0	1	19	54
0	1	19	55
0	1	19	56
0	1	19	57
0	1	19	58
0	1	19	59
0	1	19	60
0	1	19	61
0	1	19	62
0	1	19	63
0	1	19	64
0	1	19	65
0	1	19	66
0	1	19	67
0	1	19	68
0	1	19	69
0	1	19	70
0	1	19	71
0	1	19	72
0	1	19	73
0	1	19	74
0	1	19	75
0	1	19	76
0	1	19	77
0	1	19	78
0	1	19	79
0	1	19	80
0	1	19	81
0	1	19	82
0	1	19	83
0	1	19	84
0	1	19	85
0	1	19	86
0	1	19	87
0	1	19	88
0	1	19	89
0	1	19	90
0	1	19	91
0	1	19	92
0	1	19	93
0	1	19	94
0	1	19	95
0	1	19	96
0	1	19	97
0	1	19	98
0	1	19	99
0	1	19	100
0	1	19	101
0	1	19	102
0	1	19	103
0	1	19	104
0	1	19	105
0	1	19	106
0	1	19	107
0	1	19	108
0	1	19	109
0	1	19	110
0	1	19	111
0	1	19	112
0	1	19	113
0	1	19	114
0	1	19	115
0	1	19	116
0	1	19	117
0	1	19	118
0	1	19	119
0	1	19	120
0	1	19	121
0	1	19	122
0	1	19	123
0	1	19	124
0	1	19	125
0	1	19	126
0	1	19	127
0	1	20	0
0	1	20	1
0	1	20	2
0	1	20	3
0	1	20	4
0	1	20	5
0	1	20	6
0	1	20	7
0	1	20	8
0	1	20	9
0	1	20	10
0	1	20	11
0	1	20	12
0	1	20	13
0	1	20	14
0	1	20	15
0	1	20	16
0	1	20	17
0	1	20	18
0	1	20	19
0	1	20	20
0	1	20	21
0	1	20	22
0	1	20	23
0	1	20	24
0	1	20	25
0	1	20	26
0	1	20	27
0	1	20	28
0	1	20	29
0	1	20	30
0	1	20	31
0	1	20	32
0	1	20	33
0	1	20	34
0	1	20	35
0	1	20	36
0	1	20	37
0	1	20	38
0	1	20	39
0	1	20	40
0	1	20	41
0	1	20	42
0	1	20	43
0	1	20	44
0	1	20	45
0	1	20	46
0	1	20	47
0	1	20	48
0	1	20	49
0	1	20	50
0	1	20	51
0	1	20	52
0	1	20	53
0	1	20	54
0	1	20	55
0	1	20	56
0	1	20	57
0	1	20	58
0	1	20	59
0	1	20	60
0	1	20	61
0	1	20	62
0	1	20	63
0	1	20	64
0	1	20	65
0	1	20	66
0	1	20	67
0	1	20	68
0	1	20	69
0	1	20	70
0	1	20	71
0	1	20	72
0	1	20	73
0	1	20	74
0	1	20	75
0	1	20	76
0	1	20	77
0	1	20	78
0	1	20	79
0	1	20	80
0	1	20	81
0	1	20	82
0	1	20	83
0	1	20	84
0	1	20	85
0	1	20	86
0	1	20	87
0	1	20	88
0	1	20	89
0	1	20	90
0	1	20	91
0	1	20	92
0	1	20	93
0	1	20	94
0	1	20	95
0	1	20	96
0	1	20	97
0	1	20	98
0	1	20	99
0	1	20	100
0	1	20	101
0	1	20	102
0	1	20	103
0	1	20	104
0	1	20	105
0	1	20	106
0	1	20	107
0	1	20	108
0	1	20	109
0	1	20	110
0	1	20	111
0	1	20	112
0	1	20	113
0	1	20	114
0	1	20	115
0	1	20	116
0	1	20	117
0	1	20	118
0	1	20	119
0	1	20	120
0	1	20	121
0	1	20	122
0	1	20	123
0	1	20	124
0	1	20	125
0	1	20	126
0	1	20	127
0	1	21	0
0	1	21	1
0	1	21	2
0	1	21	3
0	1	21	4
0	1	21	5
0	1	21	6
0	1	21	7
0	1	21	8
0	1	21	9
0	1	21	10
0	1	21	11
0	1	21	12
0	1	21	13
0	1	21	14
0	1	21	15
0	1	21	16
0	1	21	17
0	1	21	18
0	1	21	19
0	1	21	20
0	1	21	21
0	1	21	22
0	1	21	23
0	1	21	24
0	1	21	25
0	1	21	26
0	1	21	27
0	1	21	28
0	1	21	29
0	1	21	30
0	1	21	31
0	1	21	32
0	1	21	33
0	1	21	34
0	1	21	35
0	1	21	36
0	1	21	37
0	1	21	38
0	1	21	39
0	1	21	40
0	1	21	41
0	1	21	42
0	1	21	43
0	1	21	44
0	1	21	45
0	1	21	46
0	1	21	47
0	1	21	48
0	1	21	49
0	1	21	50
0	1	21	51
0	1	21	52
0	1	21	53
0	1	21	54
0	1	21	55
0	1	21	56
0	1	21	57
0	1	21	58
0	1	21	59
0	1	21	60
0	1	21	61
0	1	21	62
0	1	21	63
0	1	21	64
0	1	21	65
0	1	21	66
0	1	21	67
0	1	21	68
0	1	21	69
0	1	21	70
0	1	21	71
0	1	21	72
0	1	21	73
0	1	21	74
0	1	21	75
0	1	21	76
0	1	21	77
0	1	21	78
0	1	21	79
0	1	21	80
0	1	21	81
0	1	21	82
0	1	21	83
0	1	21	84
0	1	21	85
0	1	21	86
0	1	21	87
0	1	21	88
0	1	21	89
0	1	21	90
0	1	21	91
0	1	21	92
0	1	21	93
0	1	21	94
0	1	21	95
0	1	21	96
0	1	21	97
0	1	21	98
0	1	21	99
0	1	21	100
0	1	21	101
0	1	21	102
0	1	21	103
0	1	21	104
0	1	21	105
0	1	21	106
0	1	21	107
0	1	21	108
0	1	21	109
0	1	21	110
0	1	21	111
0	1	21	112
0	1	21	113
0	1	21	114
0	1	21	115
0	1	21	116
0	1	21	117
0	1	21	118
0	1	21	119
0	1	21	120
0	1	21	121
0	1	21	122
0	1	21	123
0	1	21	124
0	1	21	125
0	1	21	126
0	1	21	127
0	1	22	0
0	1	22	1
0	1	22	2
0	1	22	3
0	1	22	4
0	1	22	5
0	1	22	6
0	1	22	7
0	1	22	8
0	1	22	9
0	1	22	10
0	1	22	11
0	1	22	12
0	1	22	13
0	1	22	14
0	1	22	15
0	1	22	16
0	1	22	17
0	1	22	18
0	1	22	19
0	1	22	20
0	1	22	21
0	1	22	22
0	1	22	23
0	1	22	24
0	1	22	25
0	1	22	26
0	1	22	27
0	1	22	28
0	1	22	29
0	1	22	30
0	1	22	31
0	1	22	32
0	1	22	33
0	1	22	34
0	1	22	35
0	1	22	36
0	1	22	37
0	1	22	38
0	1	22	39
0	1	22	40
0	1	22	41
0	1	22	42
0	1	22	43
0	1	22	44
0	1	22	45
0	1	22	46
0	1	22	47
0	1	22	48
0	1	22	49
0	1	22	50
0	1	22	51
0	1	22	52
0	1	22	53
0	1	22	54
0	1	22	55
0	1	22	56
0	1	22	57
0	1	22	58
0	1	22	59
0	1	22	60
0	1	22	61
0	1	22	62
0	1	22	63
0	1	22	64
0	1	22	65
0	1	22	66
0	1	22	67
0	1	22	68
0	1	22	69
0	1	22	70
0	1	22	71
0	1	22	72
0	1	22	73
0	1	22	74
0	1	22	75
0	1	22	76
0	1	22	77
0	1	22	78
0	1	22	79
0	1	22	80
0	1	22	81
0	1	22	82
0	1	22	83
0	1	22	84
0	1	22	85
0	1	22	86
0	1	22	87
0	1	22	88
0	1	22	89
0	1	22	90
0	1	22	91
0	1	22	92
0	1	22	93
0	1	22	94
0	1	22	95
0	1	22	96
0	1	22	97
0	1	22	98
0	1	22	99
0	1	22	100
0	1	22	101
0	1	22	102
0	1	22	103
0	1	22	104
0	1	22	105
0	1	22	106
0	1	22	107
0	1	22	108
0	1	22	109
0	1	22	110
0	1	22	111
0	1	22	112
0	1	22	113
0	1	22	114
0	1	22	115
0	1	22	116
0	1	22	117
0	1	22	118
0	1	22	119
0	1	22	120
0	1	22	121
0	1	22	122
0	1	22	123
0	1	22	124
0	1	22	125
0	1	22	126
0	1	22	127
0	1	23	0
0	1	23	1
0	1	23	2
0	1	23	3
0	1	23	4
0	1	23	5
0	1	23	6
0	1	23	7
0	1	23	8
0	1	23	9
0	1	23	10
0	1	23	11
0	1	23	12
0	1	23	13
0	1	23	14
0	1	23	15
0	1	23	16
0	1	23	17
0	1	23	18
0	1	23	19
0	1	23	20
0	1	23	21
0	1	23	22
0	1	23	23
0	1	23	24
0	1	23	25
0	1	23	26
0	1	23	27
0	1	23	28
0	1	23	29
0	1	23	30
0	1	23	31
0	1	23	32
0	1	23	33
0	1	23	34
0	1	23	35
0	1	23	36
0	1	23	37
0	1	23	38
0	1	23	39
0	1	23	40
0	1	23	41
0	1	23	42
0	1	23	43
0	1	23	44
0	1	23	45
0	1	23	46
0	1	23	47
0	1	23	48
0	1	23	49
0	1	23	50
0	1	23	51
0	1	23	52
0	1	23	53
0	1	23	54
0	1	23	55
0	1	23	56
0	1	23	57
0	1	23	58
0	1	23	59
0	1	23	60
0	1	23	61
0	1	23	62
0	1	23	63
0	1	23	64
0	1	23	65
0	1	23	66
0	1	23	67
0	1	23	68
0	1	23	69
0	1	23	70
0	1	23	71
0	1	23	72
0	1	23	73
0	1	23	74
0	1	23	75
0	1	23	76
0	1	23	77
0	1	23	78
0	1	23	79
0	1	23	80
0	1	23	81
0	1	23	82
0	1	23	83
0	1	23	84
0	1	23	85
0	1	23	86
0	1	23	87
0	1	23	88
0	1	23	89
0	1	23	90
0	1	23	91
0	1	23	92
0	1	23	93
0	1	23	94
0	1	23	95
0	1	23	96
0	1	23	97
0	1	23	98
0	1	23	99
0	1	23	100
0	1	23	101
0	1	23	102
0	1	23	103
0	1	23	104
0	1	23	105
0	1	23	106
0	1	23	107
0	1	23	108
0	1	23	109
0	1	23	110
0	1	23	111
0	1	23	112
0	1	23	113
0	1	23	114
0	1	23	115
0	1	23	116
0	1	23	117
0	1	23	118
0	1	23	119
0	1	23	120
0	1	23	121
0	1	23	122
0	1	23	123
0	1	23	124
0	1	23	125
0	1	23	126
0	1	23	127
0	1	24	0
0	1	24	1
0	1	24	2
0	1	24	3
0	1	24	4
0	1	24	5
0	1	24	6
0	1	24	7
0	1	24	8
0	1	24	9
0	1	24	10
0	1	24	11
0	1	24	12
0	1	24	13
0	1	24	14
0	1	24	15
0	1	24	16
0	1	24	17
0	1	24	18
0	1	24	19
0	1	24	20
0	1	24	21
0	1	24	22
0	1	24	23
0	1	24	24
0	1	24	25
0	1	24	26
0	1	24	27
0	1	24	28
0	1	24	29
0	1	24	30
0	1	24	31
0	1	24	32
0	1	24	33
0	1	24	34
0	1	24	35
0	1	24	36
0	1	24	37
0	1	24	38
0	1	24	39
0	1	24	40
0	1	24	41
0	1	24	42
0	1	24	43
0	1	24	44
0	1	24	45
0	1	24	46
0	1	24	47
0	1	24	48
0	1	24	49
0	1	24	50
0	1	24	51
0	1	24	52
0	1	24	53
0	1	24	54
0	1	24	55
0	1	24	56
0	1	24	57
0	1	24	58
0	1	24	59
0	1	24	60
0	1	24	61
0	1	24	62
0	1	24	63
0	1	24	64
0	1	24	65
0	1	24	66
0	1	24	67
0	1	24	68
0	1	24	69
0	1	24	70
0	1	24	71
0	1	24	72
0	1	24	73
0	1	24	74
0	1	24	75
0	1	24	76
0	1	24	77
0	1	24	78
0	1	24	79
0	1	24	80
0	1	24	81
0	1	24	82
0	1	24	83
0	1	24	84
0	1	24	85
0	1	24	86
0	1	24	87
0	1	24	88
0	1	24	89
0	1	24	90
0	1	24	91
0	1	24	92
0	1	24	93
0	1	24	94
0	1	24	95
0	1	24	96
0	1	24	97
0	1	24	98
0	1	24	99
0	1	24	100
0	1	24	101
0	1	24	102
0	1	24	103
0	1	24	104
0	1	24	105
0	1	24	106
0	1	24	107
0	1	24	108
0	1	24	109
0	1	24	110
0	1	24	111
0	1	24	112
0	1	24	113
0	1	24	114
0	1	24	115
0	1	24	116
0	1	24	117
0	1	24	118
0	1	24	119
0	1	24	120
0	1	24	121
0	1	24	122
0	1	24	123
0	1	24	124
0	1	24	125
0	1	24	126
0	1	24	127
0	1	25	0
0	1	25	1
0	1	25	2
0	1	25	3
0	1	25	4
0	1	25	5
0	1	25	6
0	1	25	7
0	1	25	8
0	1	25	9
0	1	25	10
0	1	25	11
0	1	25	12
0	1	25	13
0	1	25	14
0	1	25	15
0	1	25	16
0	1	25	17
0	1	25	18
0	1	25	19
0	1	25	20
0	1	25	21
0	1	25	22
0	1	25	23
0	1	25	24
0	1	25	25
0	1	25	26
0	1	25	27
0	1	25	28
0	1	25	29
0	1	25	30
0	1	25	31
0	1	25	32
0	1	25	33
0	1	25	34
0	1	25	35
0	1	25	36
0	1	25	37
0	1	25	38
0	1	25	39
0	1	25	40
0	1	25	41
0	1	25	42
0	1	25	43
0	1	25	44
0	1	25	45
0	1	25	46
0	1	25	47
0	1	25	48
0	1	25	49
0	1	25	50
0	1	25	51
0	1	25	52
0	1	25	53
0	1	25	54
0	1	25	55
0	1	25	56
0	1	25	57
0	1	25	58
0	1	25	59
0	1	25	60
0	1	25	61
0	1	25	62
0	1	25	63
0	1	25	64
0	1	25	65
0	1	25	66
0	1	25	67
0	1	25	68
0	1	25	69
0	1	25	70
0	1	25	71
0	1	25	72
0	1	25	73
0	1	25	74
0	1	25	75
0	1	25	76
0	1	25	77
0	1	25	78
0	1	25	79
0	1	25	80
0	1	25	81
0	1	25	82
0	1	25	83
0	1	25	84
0	1	25	85
0	1	25	86
0	1	25	87
0	1	25	88
0	1	25	89
0	1	25	90
0	1	25	91
0	1	25	92
0	1	25	93
0	1	25	94
0	1	25	95
0	1	25	96
0	1	25	97
0	1	25	98
0	1	25	99
0	1	25	100
0	1	25	101
0	1	25	102
0	1	25	103
0	1	25	104
0	1	25	105
0	1	25	106
0	1	25	107
0	1	25	108
0	1	25	109
0	1	25	110
0	1	25	111
0	1	25	112
0	1	25	113
0	1	25	114
0	1	25	115
0	1	25	116
0	1	25	117
0	1	25	118
0	1	25	119
0	1	25	120
0	1	25	121
0	1	25	122
0	1	25	123
0	1	25	124
0	1	25	125
0	1	25	126
0	1	25	127
0	5	0	0
0	5	0	1
0	5	0	2
0	5	0	3
0	5	0	4
0	5	0	5
0	5	0	6
0	5	0	7
0	5	0	8
0	5	0	9
0	5	0	10
0	5	0	11
0	5	0	12
0	5	0	13
0	5	0	14
0	5	0	15
0	5	0	16
0	5	0	17
0	5	0	18
0	5	0	19
0	5	0	20
0	5	0	21
0	5	0	22
0	5	0	23
0	5	0	24
0	5	0	25
0	5	0	26
0	5	0	27
0	5	0	28
0	5	0	29
0	5	0	30
0	5	0	31
0	5	0	32
0	5	0	33
0	5	0	34
0	5	0	35
0	5	0	36
0	5	0	37
0	5	0	38
0	5	0	39
0	5	0	40
0	5	0	41
0	5	0	42
0	5	0	43
0	5	0	44
0	5	0	45
0	5	0	46
0	5	0	47
0	5	0	48
0	5	0	49
0	5	0	50
0	5	0	51
0	5	0	52
0	5	0	53
0	5	0	54
0	5	0	55
0	5	0	56
0	5	0	57
0	5	0	58
0	5	0	59
0	5	0	60
0	5	0	61
0	5	0	62
0	5	0	63
0	5	0	64
0	5	0	65
0	5	0	66
0	5	0	67
0	5	0	68
0	5	0	69
0	5	0	70
0	5	0	71
0	5	0	72
0	5	0	73
0	5	0	74
0	5	0	75
0	5	0	76
0	5	0	77
0	5	0	78
0	5	0	79
0	5	0	80
0	5	0	81
0	5	0	82
0	5	0	83
0	5	0	84
0	5	0	85
0	5	0	86
0	5	0	87
0	5	0	88
0	5	0	89
0	5	0	90
0	5	0	91
0	5	0	92
0	5	0	93
0	5	0	94
0	5	0	95
0	5	0	96
0	5	0	97
0	5	0	98
0	5	0	99
0	5	0	100
0	5	0	101
0	5	0	102
0	5	0	103
0	5	0	104
0	5	0	105
0	5	0	106
0	5	0	107
0	5	0	108
0	5	0	109
0	5	0	110
0	5	0	111
0	5	0	112
0	5	0	113
0	5	0	114
0	5	0	115
0	5	0	116
0	5	0	117
0	5	0	118
0	5	0	119
0	5	0	120
0	5	0	121
0	5	0	122
0	5	0	123
0	5	0	124
0	5	0	125
0	5	0	126
0	5	0	127
0	5	1	0
0	5	1	1
0	5	1	2
0	5	1	3
0	5	1	4
0	5	1	5
0	5	1	6
0	5	1	7
0	5	1	8
0	5	1	9
0	5	1	10
0	5	1	11
0	5	1	12
0	5	1	13
0	5	1	14
0	5	1	15
0	5	1	16
0	5	1	17
0	5	1	18
0	5	1	19
0	5	1	20
0	5	1	21
0	5	1	22
0	5	1	23
0	5	1	24
0	5	1	25
0	5	1	26
0	5	1	27
0	5	1	28
0	5	1	29
0	5	1	30
0	5	1	31
0	5	1	32
0	5	1	33
0	5	1	34
0	5	1	35
0	5	1	36
0	5	1	37
0	5	1	38
0	5	1	39
0	5	1	40
0	5	1	41
0	5	1	42
0	5	1	43
0	5	1	44
0	5	1	45
0	5	1	46
0	5	1	47
0	5	1	48
0	5	1	49
0	5	1	50
0	5	1	51
0	5	1	52
0	5	1	53
0	5	1	54
0	5	1	55
0	5	1	56
0	5	1	57
0	5	1	58
0	5	1	59
0	5	1	60
0	5	1	61
0	5	1	62
0	5	1	63
0	5	1	64
0	5	1	65
0	5	1	66
0	5	1	67
0	5	1	68
0	5	1	69
0	5	1	70
0	5	1	71
0	5	1	72
0	5	1	73
0	5	1	74
0	5	1	75
0	5	1	76
0	5	1	77
0	5	1	78
0	5	1	79
0	5	1	80
0	5	1	81
0	5	1	82
0	5	1	83
0	5	1	84
0	5	1	85
0	5	1	86
0	5	1	87
0	5	1	88
0	5	1	89
0	5	1	90
0	5	1	91
0	5	1	92
0	5	1	93
0	5	1	94
0	5	1	95
0	5	1	96
0	5	1	97
0	5	1	98
0	5	1	99
0	5	1	100
0	5	1	101
0	5	1	102
0	5	1	103
0	5	1	104
0	5	1	105
0	5	1	106
0	5	1	107
0	5	1	108
0	5	1	109
0	5	1	110
0	5	1	111
0	5	1	112
0	5	1	113
0	5	1	114
0	5	1	115
0	5	1	116
0	5	1	117
0	5	1	118
0	5	1	119
0	5	1	120
0	5	1	121
0	5	1	122
0	5	1	123
0	5	1	124
0	5	1	125
0	5	1	126
0	5	1	127
0	5	2	0
0	5	2	1
0	5	2	2
0	5	2	3
0	5	2	4
0	5	2	5
0	5	2	6
0	5	2	7
0	5	2	8
0	5	2	9
0	5	2	10
0	5	2	11
0	5	2	12
0	5	2	13
0	5	2	14
0	5	2	15
0	5	2	16
0	5	2	17
0	5	2	18
0	5	2	19
0	5	2	20
0	5	2	21
0	5	2	22
0	5	2	23
0	5	2	24
0	5	2	25
0	5	2	26
0	5	2	27
0	5	2	28
0	5	2	29
0	5	2	30
0	5	2	31
0	5	2	32
0	5	2	33
0	5	2	34
0	5	2	35
0	5	2	36
0	5	2	37
0	5	2	38
0	5	2	39
0	5	2	40
0	5	2	41
0	5	2	42
0	5	2	43
0	5	2	44
0	5	2	45
0	5	2	46
0	5	2	47
0	5	2	48
0	5	2	49
0	5	2	50
0	5	2	51
0	5	2	52
0	5	2	53
0	5	2	54
0	5	2	55
0	5	2	56
0	5	2	57
0	5	2	58
0	5	2	59
0	5	2	60
0	5	2	61
0	5	2	62
0	5	2	63
0	5	2	64
0	5	2	65
0	5	2	66
0	5	2	67
0	5	2	68
0	5	2	69
0	5	2	70
0	5	2	71
0	5	2	72
0	5	2	73
0	5	2	74
0	5	2	75
0	5	2	76
0	5	2	77
0	5	2	78
0	5	2	79
0	5	2	80
0	5	2	81
0	5	2	82
0	5	2	83
0	5	2	84
0	5	2	85
0	5	2	86
0	5	2	87
0	5	2	88
0	5	2	89
0	5	2	90
0	5	2	91
0	5	2	92
0	5	2	93
0	5	2	94
0	5	2	95
0	5	2	96
0	5	2	97
0	5	2	98
0	5	2	99
0	5	2	100
0	5	2	101
0	5	2	102
0	5	2	103
0	5	2	104
0	5	2	105
0	5	2	106
0	5	2	107
0	5	2	108
0	5	2	109
0	5	2	110
0	5	2	111
0	5	2	112
0	5	2	113
0	5	2	114
0	5	2	115
0	5	2	116
0	5	2	117
0	5	2	118
0	5	2	119
0	5	2	120
0	5	2	121
0	5	2	122
0	5	2	123
0	5	2	124
0	5	2	125
0	5	2	126
0	5	2	127
0	5	3	0
0	5	3	1
0	5	3	2
0	5	3	3
0	5	3	4
0	5	3	5
0	5	3	6
0	5	3	7
0	5	3	8
0	5	3	9
0	5	3	10
0	5	3	11
0	5	3	12
0	5	3	13
0	5	3	14
0	5	3	15
0	5	3	16
0	5	3	17
0	5	3	18
0	5	3	19
0	5	3	20
0	5	3	21
0	5	3	22
0	5	3	23
0	5	3	24
0	5	3	25
0	5	3	26
0	5	3	27
0	5	3	28
0	5	3	29
0	5	3	30
0	5	3	31
0	5	3	32
0	5	3	33
0	5	3	34
0	5	3	35
0	5	3	36
0	5	3	37
0	5	3	38
0	5	3	39
0	5	3	40
0	5	3	41
0	5	3	42
0	5	3	43
0	5	3	44
0	5	3	45
0	5	3	46
0	5	3	47
0	5	3	48
0	5	3	49
0	5	3	50
0	5	3	51
0	5	3	52
0	5	3	53
0	5	3	54
0	5	3	55
0	5	3	56
0	5	3	57
0	5	3	58
0	5	3	59
0	5	3	60
0	5	3	61
0	5	3	62
0	5	3	63
0	5	3	64
0	5	3	65
0	5	3	66
0	5	3	67
0	5	3	68
0	5	3	69
0	5	3	70
0	5	3	71
0	5	3	72
0	5	3	73
0	5	3	74
0	5	3	75
0	5	3	76
0	5	3	77
0	5	3	78
0	5	3	79
0	5	3	80
0	5	3	81
0	5	3	82
0	5	3	83
0	5	3	84
0	5	3	85
0	5	3	86
0	5	3	87
0	5	3	88
0	5	3	89
0	5	3	90
0	5	3	91
0	5	3	92
0	5	3	93
0	5	3	94
0	5	3	95
0	5	3	96
0	5	3	97
0	5	3	98
0	5	3	99
0	5	3	100
0	5	3	101
0	5	3	102
0	5	3	103
0	5	3	104
0	5	3	105
0	5	3	106
0	5	3	107
0	5	3	108
0	5	3	109
0	5	3	110
0	5	3	111
0	5	3	112
0	5	3	113
0	5	3	114
0	5	3	115
0	5	3	116
0	5	3	117
0	5	3	118
0	5	3	119
0	5	3	120
0	5	3	121
0	5	3	122
0	5	3	123
0	5	3	124
0	5	3	125
0	5	3	126
0	5	3	127
0	5	4	0
0	5	4	1
0	5	4	2
0	5	4	3
0	5	4	4
0	5	4	5
0	5	4	6
0	5	4	7
0	5	4	8
0	5	4	9
0	5	4	10
0	5	4	11
0	5	4	12
0	5	4	13
0	5	4	14
0	5	4	15
0	5	4	16
0	5	4	17
0	5	4	18
0	5	4	19
0	5	4	20
0	5	4	21
0	5	4	22
0	5	4	23
0	5	4	24
0	5	4	25
0	5	4	26
0	5	4	27
0	5	4	28
0	5	4	29
0	5	4	30
0	5	4	31
0	5	4	32
0	5	4	33
0	5	4	34
0	5	4	35
0	5	4	36
0	5	4	37
0	5	4	38
0	5	4	39
0	5	4	40
0	5	4	41
0	5	4	42
0	5	4	43
0	5	4	44
0	5	4	45
0	5	4	46
0	5	4	47
0	5	4	48
0	5	4	49
0	5	4	50
0	5	4	51
0	5	4	52
0	5	4	53
0	5	4	54
0	5	4	55
0	5	4	56
0	5	4	57
0	5	4	58
0	5	4	59
0	5	4	60
0	5	4	61
0	5	4	62
0	5	4	63
0	5	4	64
0	5	4	65
0	5	4	66
0	5	4	67
0	5	4	68
0	5	4	69
0	5	4	70
0	5	4	71
0	5	4	72
0	5	4	73
0	5	4	74
0	5	4	75
0	5	4	76
0	5	4	77
0	5	4	78
0	5	4	79
0	5	4	80
0	5	4	81
0	5	4	82
0	5	4	83
0	5	4	84
0	5	4	85
0	5	4	86
0	5	4	87
0	5	4	88
0	5	4	89
0	5	4	90
0	5	4	91
0	5	4	92
0	5	4	93
0	5	4	94
0	5	4	95
0	5	4	96
0	5	4	97
0	5	4	98
0	5	4	99
0	5	4	100
0	5	4	101
0	5	4	102
0	5	4	103
0	5	4	104
0	5	4	105
0	5	4	106
0	5	4	107
0	5	4	108
0	5	4	109
0	5	4	110
0	5	4	111
0	5	4	112
0	5	4	113
0	5	4	114
0	5	4	115
0	5	4	116
0	5	4	117
0	5	4	118
0	5	4	119
0	5	4	120
0	5	4	121
0	5	4	122
0	5	4	123
0	5	4	124
0	5	4	125
0	5	4	126
0	5	4	127
0	5	5	0
0	5	5	1
0	5	5	2
0	5	5	3
0	5	5	4
0	5	5	5
0	5	5	6
0	5	5	7
0	5	5	8
0	5	5	9
0	5	5	10
0	5	5	11
0	5	5	12
0	5	5	13
0	5	5	14
0	5	5	15
0	5	5	16
0	5	5	17
0	5	5	18
0	5	5	19
0	5	5	20
0	5	5	21
0	5	5	22
0	5	5	23
0	5	5	24
0	5	5	25
0	5	5	26
0	5	5	27
0	5	5	28
0	5	5	29
0	5	5	30
0	5	5	31
0	5	5	32
0	5	5	33
0	5	5	34
0	5	5	35
0	5	5	36
0	5	5	37
0	5	5	38
0	5	5	39
0	5	5	40
0	5	5	41
0	5	5	42
0	5	5	43
0	5	5	44
0	5	5	45
0	5	5	46
0	5	5	47
0	5	5	48
0	5	5	49
0	5	5	50
0	5	5	51
0	5	5	52
0	5	5	53
0	5	5	54
0	5	5	55
0	5	5	56
0	5	5	57
0	5	5	58
0	5	5	59
0	5	5	60
0	5	5	61
0	5	5	62
0	5	5	63
0	5	5	64
0	5	5	65
0	5	5	66
0	5	5	67
0	5	5	68
0	5	5	69
0	5	5	70
0	5	5	71
0	5	5	72
0	5	5	73
0	5	5	74
0	5	5	75
0	5	5	76
0	5	5	77
0	5	5	78
0	5	5	79
0	5	5	80
0	5	5	81
0	5	5	82
0	5	5	83
0	5	5	84
0	5	5	85
0	5	5	86
0	5	5	87
0	5	5	88
0	5	5	89
0	5	5	90
0	5	5	91
0	5	5	92
0	5	5	93
0	5	5	94
0	5	5	95
0	5	5	96
0	5	5	97
0	5	5	98
0	5	5	99
0	5	5	100
0	5	5	101
0	5	5	102
0	5	5	103
0	5	5	104
0	5	5	105
0	5	5	106
0	5	5	107
0	5	5	108
0	5	5	109
0	5	5	110
0	5	5	111
0	5	5	112
0	5	5	113
0	5	5	114
0	5	5	115
0	5	5	116
0	5	5	117
0	5	5	118
0	5	5	119
0	5	5	120
0	5	5	121
0	5	5	122
0	5	5	123
0	5	5	124
0	5	5	125
0	5	5	126
0	5	5	127
0	5	6	0
0	5	6	1
0	5	6	2
0	5	6	3
0	5	6	4
0	5	6	5
0	5	6	6
0	5	6	7
0	5	6	8
0	5	6	9
0	5	6	10
0	5	6	11
0	5	6	12
0	5	6	13
0	5	6	14
0	5	6	15
0	5	6	16
0	5	6	17
0	5	6	18
0	5	6	19
0	5	6	20
0	5	6	21
0	5	6	22
0	5	6	23
0	5	6	24
0	5	6	25
0	5	6	26
0	5	6	27
0	5	6	28
0	5	6	29
0	5	6	30
0	5	6	31
0	5	6	32
0	5	6	33
0	5	6	34
0	5	6	35
0	5	6	36
0	5	6	37
0	5	6	38
0	5	6	39
0	5	6	40
0	5	6	41
0	5	6	42
0	5	6	43
0	5	6	44
0	5	6	45
0	5	6	46
0	5	6	47
0	5	6	48
0	5	6	49
0	5	6	50
0	5	6	51
0	5	6	52
0	5	6	53
0	5	6	54
0	5	6	55
0	5	6	56
0	5	6	57
0	5	6	58
0	5	6	59
0	5	6	60
0	5	6	61
0	5	6	62
0	5	6	63
0	5	6	64
0	5	6	65
0	5	6	66
0	5	6	67
0	5	6	68
0	5	6	69
0	5	6	70
0	5	6	71
0	5	6	72
0	5	6	73
0	5	6	74
0	5	6	75
0	5	6	76
0	5	6	77
0	5	6	78
0	5	6	79
0	5	6	80
0	5	6	81
0	5	6	82
0	5	6	83
0	5	6	84
0	5	6	85
0	5	6	86
0	5	6	87
0	5	6	88
0	5	6	89
0	5	6	90
0	5	6	91
0	5	6	92
0	5	6	93
0	5	6	94
0	5	6	95
0	5	6	96
0	5	6	97
0	5	6	98
0	5	6	99
0	5	6	100
0	5	6	101
0	5	6	102
0	5	6	103
0	5	6	104
0	5	6	105
0	5	6	106
0	5	6	107
0	5	6	108
0	5	6	109
0	5	6	110
0	5	6	111
0	5	6	112
0	5	6	113
0	5	6	114
0	5	6	115
0	5	6	116
0	5	6	117
0	5	6	118
0	5	6	119
0	5	6	120
0	5	6	121
0	5	6	122
0	5	6	123
0	5	6	124
0	5	6	125
0	5	6	126
0	5	6	127
0	5	7	0
0	5	7	1
0	5	7	2
0	5	7	3
0	5	7	4
0	5	7	5
0	5	7	6
0	5	7	7
0	5	7	8
0	5	7	9
0	5	7	10
0	5	7	11
0	5	7	12
0	5	7	13
0	5	7	14
0	5	7	15
0	5	7	16
0	5	7	17
0	5	7	18
0	5	7	19
0	5	7	20
0	5	7	21
0	5	7	22
0	5	7	23
0	5	7	24
0	5	7	25
0	5	7	26
0	5	7	27
0	5	7	28
0	5	7	29
0	5	7	30
0	5	7	31
0	5	7	32
0	5	7	33
0	5	7	34
0	5	7	35
0	5	7	36
0	5	7	37
0	5	7	38
0	5	7	39
0	5	7	40
0	5	7	41
0	5	7	42
0	5	7	43
0	5	7	44
0	5	7	45
0	5	7	46
0	5	7	47
0	5	7	48
0	5	7	49
0	5	7	50
0	5	7	51
0	5	7	52
0	5	7	53
0	5	7	54
0	5	7	55
0	5	7	56
0	5	7	57
0	5	7	58
0	5	7	59
0	5	7	60
0	5	7	61
0	5	7	62
0	5	7	63
0	5	7	64
0	5	7	65
0	5	7	66
0	5	7	67
0	5	7	68
0	5	7	69
0	5	7	70
0	5	7	71
0	5	7	72
0	5	7	73
0	5	7	74
0	5	7	75
0	5	7	76
0	5	7	77
0	5	7	78
0	5	7	79
0	5	7	80
0	5	7	81
0	5	7	82
0	5	7	83
0	5	7	84
0	5	7	85
0	5	7	86
0	5	7	87
0	5	7	88
0	5	7	89
0	5	7	90
0	5	7	91
0	5	7	92
0	5	7	93
0	5	7	94
0	5	7	95
0	5	7	96
0	5	7	97
0	5	7	98
0	5	7	99
0	5	7	100
0	5	7	101
0	5	7	102
0	5	7	103
0	5	7	104
0	5	7	105
0	5	7	106
0	5	7	107
0	5	7	108
0	5	7	109
0	5	7	110
0	5	7	111
0	5	7	112
0	5	7	113
0	5	7	114
0	5	7	115
0	5	7	116
0	5	7	117
0	5	7	118
0	5	7	119
0	5	7	120
0	5	7	121
0	5	7	122
0	5	7	123
0	5	7	124
0	5	7	125
0	5	7	126
0	5	7	127
0	5	8	0
0	5	8	1
0	5	8	2
0	5	8	3
0	5	8	4
0	5	8	5
0	5	8	6
0	5	8	7
0	5	8	8
0	5	8	9
0	5	8	10
0	5	8	11
0	5	8	12
0	5	8	13
0	5	8	14
0	5	8	15
0	5	8	16
0	5	8	17
0	5	8	18
0	5	8	19
0	5	8	20
0	5	8	21
0	5	8	22
0	5	8	23
0	5	8	24
0	5	8	25
0	5	8	26
0	5	8	27
0	5	8	28
0	5	8	29
0	5	8	30
0	5	8	31
0	5	8	32
0	5	8	33
0	5	8	34
0	5	8	35
0	5	8	36
0	5	8	37
0	5	8	38
0	5	8	39
0	5	8	40
0	5	8	41
0	5	8	42
0	5	8	43
0	5	8	44
0	5	8	45
0	5	8	46
0	5	8	47
0	5	8	48
0	5	8	49
0	5	8	50
0	5	8	51
0	5	8	52
0	5	8	53
0	5	8	54
0	5	8	55
0	5	8	56
0	5	8	57
0	5	8	58
0	5	8	59
0	5	8	60
0	5	8	61
0	5	8	62
0	5	8	63
0	5	8	64
0	5	8	65
0	5	8	66
0	5	8	67
0	5	8	68
0	5	8	69
0	5	8	70
0	5	8	71
0	5	8	72
0	5	8	73
0	5	8	74
0	5	8	75
0	5	8	76
0	5	8	77
0	5	8	78
0	5	8	79
0	5	8	80
0	5	8	81
0	5	8	82
0	5	8	83
0	5	8	84
0	5	8	85
0	5	8	86
0	5	8	87
0	5	8	88
0	5	8	89
0	5	8	90
0	5	8	91
0	5	8	92
0	5	8	93
0	5	8	94
0	5	8	95
0	5	8	96
0	5	8	97
0	5	8	98
0	5	8	99
0	5	8	100
0	5	8	101
0	5	8	102
0	5	8	103
0	5	8	104
0	5	8	105
0	5	8	106
0	5	8	107
0	5	8	108
0	5	8	109
0	5	8	110
0	5	8	111
0	5	8	112
0	5	8	113
0	5	8	114
0	5	8	115
0	5	8	116
0	5	8	117
0	5	8	118
0	5	8	119
0	5	8	120
0	5	8	121
0	5	8	122
0	5	8	123
0	5	8	124
0	5	8	125
0	5	8	126
0	5	8	127
0	5	9	0
0	5	9	1
0	5	9	2
0	5	9	3
0	5	9	4
0	5	9	5
0	5	9	6
0	5	9	7
0	5	9	8
0	5	9	9
0	5	9	10
0	5	9	11
0	5	9	12
0	5	9	13
0	5	9	14
0	5	9	15
0	5	9	16
0	5	9	17
0	5	9	18
0	5	9	19
0	5	9	20
0	5	9	21
0	5	9	22
0	5	9	23
0	5	9	24
0	5	9	25
0	5	9	26
0	5	9	27
0	5	9	28
0	5	9	29
0	5	9	30
0	5	9	31
0	5	9	32
0	5	9	33
0	5	9	34
0	5	9	35
0	5	9	36
0	5	9	37
0	5	9	38
0	5	9	39
0	5	9	40
0	5	9	41
0	5	9	42
0	5	9	43
0	5	9	44
0	5	9	45
0	5	9	46
0	5	9	47
0	5	9	48
0	5	9	49
0	5	9	50
0	5	9	51
0	5	9	52
0	5	9	53
0	5	9	54
0	5	9	55
0	5	9	56
0	5	9	57
0	5	9	58
0	5	9	59
0	5	9	60
0	5	9	61
0	5	9	62
0	5	9	63
0	5	9	64
0	5	9	65
0	5	9	66
0	5	9	67
0	5	9	68
0	5	9	69
0	5	9	70
0	5	9	71
0	5	9	72
0	5	9	73
0	5	9	74
0	5	9	75
0	5	9	76
0	5	9	77
0	5	9	78
0	5	9	79
0	5	9	80
0	5	9	81
0	5	9	82
0	5	9	83
0	5	9	84
0	5	9	85
0	5	9	86
0	5	9	87
0	5	9	88
0	5	9	89
0	5	9	90
0	5	9	91
0	5	9	92
0	5	9	93
0	5	9	94
0	5	9	95
0	5	9	96
0	5	9	97
0	5	9	98
0	5	9	99
0	5	9	100
0	5	9	101
0	5	9	102
0	5	9	103
0	5	9	104
0	5	9	105
0	5	9	106
0	5	9	107
0	5	9	108
0	5	9	109
0	5	9	110
0	5	9	111
0	5	9	112
0	5	9	113
0	5	9	114
0	5	9	115
0	5	9	116
0	5	9	117
0	5	9	118
0	5	9	119
0	5	9	120
0	5	9	121
0	5	9	122
0	5	9	123
0	5	9	124
0	5	9	125
0	5	9	126
0	5	9	127
0	5	10	0
0	5	10	1
0	5	10	2
0	5	10	3
0	5	10	4
0	5	10	5
0	5	10	6
0	5	10	7
0	5	10	8
0	5	10	9
0	5	10	10
0	5	10	11
0	5	10	12
0	5	10	13
0	5	10	14
0	5	10	15
0	5	10	16
0	5	10	17
0	5	10	18
0	5	10	19
0	5	10	20
0	5	10	21
0	5	10	22
0	5	10	23
0	5	10	24
0	5	10	25
0	5	10	26
0	5	10	27
0	5	10	28
0	5	10	29
0	5	10	30
0	5	10	31
0	5	10	32
0	5	10	33
0	5	10	34
0	5	10	35
0	5	10	36
0	5	10	37
0	5	10	38
0	5	10	39
0	5	10	40
0	5	10	41
0	5	10	42
0	5	10	43
0	5	10	44
0	5	10	45
0	5	10	46
0	5	10	47
0	5	10	48
0	5	10	49
0	5	10	50
0	5	10	51
0	5	10	52
0	5	10	53
0	5	10	54
0	5	10	55
0	5	10	56
0	5	10	57
0	5	10	58
0	5	10	59
0	5	10	60
0	5	10	61
0	5	10	62
0	5	10	63
0	5	10	64
0	5	10	65
0	5	10	66
0	5	10	67
0	5	10	68
0	5	10	69
0	5	10	70
0	5	10	71
0	5	10	72
0	5	10	73
0	5	10	74
0	5	10	75
0	5	10	76
0	5	10	77
0	5	10	78
0	5	10	79
0	5	10	80
0	5	10	81
0	5	10	82
0	5	10	83
0	5	10	84
0	5	10	85
0	5	10	86
0	5	10	87
0	5	10	88
0	5	10	89
0	5	10	90
0	5	10	91
0	5	10	92
0	5	10	93
0	5	10	94
0	5	10	95
0	5	10	96
0	5	10	97
0	5	10	98
0	5	10	99
0	5	10	100
0	5	10	101
0	5	10	102
0	5	10	103
0	5	10	104
0	5	10	105
0	5	10	106
0	5	10	107
0	5	10	108
0	5	10	109
0	5	10	110
0	5	10	111
0	5	10	112
0	5	10	113
0	5	10	114
0	5	10	115
0	5	10	116
0	5	10	117
0	5	10	118
0	5	10	119
0	5	10	120
0	5	10	121
0	5	10	122
0	5	10	123
0	5	10	124
0	5	10	125
0	5	10	126
0	5	10	127
0	5	11	0
0	5	11	1
0	5	11	2
0	5	11	3
0	5	11	4
0	5	11	5
0	5	11	6
0	5	11	7
0	5	11	8
0	5	11	9
0	5	11	10
0	5	11	11
0	5	11	12
0	5	11	13
0	5	11	14
0	5	11	15
0	5	11	16
0	5	11	17
0	5	11	18
0	5	11	19
0	5	11	20
0	5	11	21
0	5	11	22
0	5	11	23
0	5	11	24
0	5	11	25
0	5	11	26
0	5	11	27
0	5	11	28
0	5	11	29
0	5	11	30
0	5	11	31
0	5	11	32
0	5	11	33
0	5	11	34
0	5	11	35
0	5	11	36
0	5	11	37
0	5	11	38
0	5	11	39
0	5	11	40
0	5	11	41
0	5	11	42
0	5	11	43
0	5	11	44
0	5	11	45
0	5	11	46
0	5	11	47
0	5	11	48
0	5	11	49
0	5	11	50
0	5	11	51
0	5	11	52
0	5	11	53
0	5	11	54
0	5	11	55
0	5	11	56
0	5	11	57
0	5	11	58
0	5	11	59
0	5	11	60
0	5	11	61
0	5	11	62
0	5	11	63
0	5	11	64
0	5	11	65
0	5	11	66
0	5	11	67
0	5	11	68
0	5	11	69
0	5	11	70
0	5	11	71
0	5	11	72
0	5	11	73
0	5	11	74
0	5	11	75
0	5	11	76
0	5	11	77
0	5	11	78
0	5	11	79
0	5	11	80
0	5	11	81
0	5	11	82
0	5	11	83
0	5	11	84
0	5	11	85
0	5	11	86
0	5	11	87
0	5	11	88
0	5	11	89
0	5	11	90
0	5	11	91
0	5	11	92
0	5	11	93
0	5	11	94
0	5	11	95
0	5	11	96
0	5	11	97
0	5	11	98
0	5	11	99
0	5	11	100
0	5	11	101
0	5	11	102
0	5	11	103
0	5	11	104
0	5	11	105
0	5	11	106
0	5	11	107
0	5	11	108
0	5	11	109
0	5	11	110
0	5	11	111
0	5	11	112
0	5	11	113
0	5	11	114
0	5	11	115
0	5	11	116
0	5	11	117
0	5	11	118
0	5	11	119
0	5	11	120
0	5	11	121
0	5	11	122
0	5	11	123
0	5	11	124
0	5	11	125
0	5	11	126
0	5	11	127
0	5	12	0
0	5	12	1
0	5	12	2
0	5	12	3
0	5	12	4
0	5	12	5
0	5	12	6
0	5	12	7
0	5	12	8
0	5	12	9
0	5	12	10
0	5	12	11
0	5	12	12
0	5	12	13
0	5	12	14
0	5	12	15
0	5	12	16
0	5	12	17
0	5	12	18
0	5	12	19
0	5	12	20
0	5	12	21
0	5	12	22
0	5	12	23
0	5	12	24
0	5	12	25
0	5	12	26
0	5	12	27
0	5	12	28
0	5	12	29
0	5	12	30
0	5	12	31
0	5	12	32
0	5	12	33
0	5	12	34
0	5	12	35
0	5	12	36
0	5	12	37
0	5	12	38
0	5	12	39
0	5	12	40
0	5	12	41
0	5	12	42
0	5	12	43
0	5	12	44
0	5	12	45
0	5	12	46
0	5	12	47
0	5	12	48
0	5	12	49
0	5	12	50
0	5	12	51
0	5	12	52
0	5	12	53
0	5	12	54
0	5	12	55
0	5	12	56
0	5	12	57
0	5	12	58
0	5	12	59
0	5	12	60
0	5	12	61
0	5	12	62
0	5	12	63
0	5	12	64
0	5	12	65
0	5	12	66
0	5	12	67
0	5	12	68
0	5	12	69
0	5	12	70
0	5	12	71
0	5	12	72
0	5	12	73
0	5	12	74
0	5	12	75
0	5	12	76
0	5	12	77
0	5	12	78
0	5	12	79
0	5	12	80
0	5	12	81
0	5	12	82
0	5	12	83
0	5	12	84
0	5	12	85
0	5	12	86
0	5	12	87
0	5	12	88
0	5	12	89
0	5	12	90
0	5	12	91
0	5	12	92
0	5	12	93
0	5	12	94
0	5	12	95
0	5	12	96
0	5	12	97
0	5	12	98
0	5	12	99
0	5	12	100
0	5	12	101
0	5	12	102
0	5	12	103
0	5	12	104
0	5	12	105
0	5	12	106
0	5	12	107
0	5	12	108
0	5	12	109
0	5	12	110
0	5	12	111
0	5	12	112
0	5	12	113
0	5	12	114
0	5	12	115
0	5	12	116
0	5	12	117
0	5	12	118
0	5	12	119
0	5	12	120
0	5	12	121
0	5	12	122
0	5	12	123
0	5	12	124
0	5	12	125
0	5	12	126
0	5	12	127
0	5	13	0
0	5	13	1
0	5	13	2
0	5	13	3
0	5	13	4
0	5	13	5
0	5	13	6
0	5	13	7
0	5	13	8
0	5	13	9
0	5	13	10
0	5	13	11
0	5	13	12
0	5	13	13
0	5	13	14
0	5	13	15
0	5	13	16
0	5	13	17
0	5	13	18
0	5	13	19
0	5	13	20
0	5	13	21
0	5	13	22
0	5	13	23
0	5	13	24
0	5	13	25
0	5	13	26
0	5	13	27
0	5	13	28
0	5	13	29
0	5	13	30
0	5	13	31
0	5	13	32
0	5	13	33
0	5	13	34
0	5	13	35
0	5	13	36
0	5	13	37
0	5	13	38
0	5	13	39
0	5	13	40
0	5	13	41
0	5	13	42
0	5	13	43
0	5	13	44
0	5	13	45
0	5	13	46
0	5	13	47
0	5	13	48
0	5	13	49
0	5	13	50
0	5	13	51
0	5	13	52
0	5	13	53
0	5	13	54
0	5	13	55
0	5	13	56
0	5	13	57
0	5	13	58
0	5	13	59
0	5	13	60
0	5	13	61
0	5	13	62
0	5	13	63
0	5	13	64
0	5	13	65
0	5	13	66
0	5	13	67
0	5	13	68
0	5	13	69
0	5	13	70
0	5	13	71
0	5	13	72
0	5	13	73
0	5	13	74
0	5	13	75
0	5	13	76
0	5	13	77
0	5	13	78
0	5	13	79
0	5	13	80
0	5	13	81
0	5	13	82
0	5	13	83
0	5	13	84
0	5	13	85
0	5	13	86
0	5	13	87
0	5	13	88
0	5	13	89
0	5	13	90
0	5	13	91
0	5	13	92
0	5	13	93
0	5	13	94
0	5	13	95
0	5	13	96
0	5	13	97
0	5	13	98
0	5	13	99
0	5	13	100
0	5	13	101
0	5	13	102
0	5	13	103
0	5	13	104
0	5	13	105
0	5	13	106
0	5	13	107
0	5	13	108
0	5	13	109
0	5	13	110
0	5	13	111
0	5	13	112
0	5	13	113
0	5	13	114
0	5	13	115
0	5	13	116
0	5	13	117
0	5	13	118
0	5	13	119
0	5	13	120
0	5	13	121
0	5	13	122
0	5	13	123
0	5	13	124
0	5	13	125
0	5	13	126
0	5	13	127
0	5	14	0
0	5	14	1
0	5	14	2
0	5	14	3
0	5	14	4
0	5	14	5
0	5	14	6
0	5	14	7
0	5	14	8
0	5	14	9
0	5	14	10
0	5	14	11
0	5	14	12
0	5	14	13
0	5	14	14
0	5	14	15
0	5	14	16
0	5	14	17
0	5	14	18
0	5	14	19
0	5	14	20
0	5	14	21
0	5	14	22
0	5	14	23
0	5	14	24
0	5	14	25
0	5	14	26
0	5	14	27
0	5	14	28
0	5	14	29
0	5	14	30
0	5	14	31
0	5	14	32
0	5	14	33
0	5	14	34
0	5	14	35
0	5	14	36
0	5	14	37
0	5	14	38
0	5	14	39
0	5	14	40
0	5	14	41
0	5	14	42
0	5	14	43
0	5	14	44
0	5	14	45
0	5	14	46
0	5	14	47
0	5	14	48
0	5	14	49
0	5	14	50
0	5	14	51
0	5	14	52
0	5	14	53
0	5	14	54
0	5	14	55
0	5	14	56
0	5	14	57
0	5	14	58
0	5	14	59
0	5	14	60
0	5	14	61
0	5	14	62
0	5	14	63
0	5	14	64
0	5	14	65
0	5	14	66
0	5	14	67
0	5	14	68
0	5	14	69
0	5	14	70
0	5	14	71
0	5	14	72
0	5	14	73
0	5	14	74
0	5	14	75
0	5	14	76
0	5	14	77
0	5	14	78
0	5	14	79
0	5	14	80
0	5	14	81
0	5	14	82
0	5	14	83
0	5	14	84
0	5	14	85
0	5	14	86
0	5	14	87
0	5	14	88
0	5	14	89
0	5	14	90
0	5	14	91
0	5	14	92
0	5	14	93
0	5	14	94
0	5	14	95
0	5	14	96
0	5	14	97
0	5	14	98
0	5	14	99
0	5	14	100
0	5	14	101
0	5	14	102
0	5	14	103
0	5	14	104
0	5	14	105
0	5	14	106
0	5	14	107
0	5	14	108
0	5	14	109
0	5	14	110
0	5	14	111
0	5	14	112
0	5	14	113
0	5	14	114
0	5	14	115
0	5	14	116
0	5	14	117
0	5	14	118
0	5	14	119
0	5	14	120
0	5	14	121
0	5	14	122
0	5	14	123
0	5	14	124
0	5	14	125
0	5	14	126
0	5	14	127
0	5	15	0
0	5	15	1
0	5	15	2
0	5	15	3
0	5	15	4
0	5	15	5
0	5	15	6
0	5	15	7
0	5	15	8
0	5	15	9
0	5	15	10
0	5	15	11
0	5	15	12
0	5	15	13
0	5	15	14
0	5	15	15
0	5	15	16
0	5	15	17
0	5	15	18
0	5	15	19
0	5	15	20
0	5	15	21
0	5	15	22
0	5	15	23
0	5	15	24
0	5	15	25
0	5	15	26
0	5	15	27
0	5	15	28
0	5	15	29
0	5	15	30
0	5	15	31
0	5	15	32
0	5	15	33
0	5	15	34
0	5	15	35
0	5	15	36
0	5	15	37
0	5	15	38
0	5	15	39
0	5	15	40
0	5	15	41
0	5	15	42
0	5	15	43
0	5	15	44
0	5	15	45
0	5	15	46
0	5	15	47
0	5	15	48
0	5	15	49
0	5	15	50
0	5	15	51
0	5	15	52
0	5	15	53
0	5	15	54
0	5	15	55
0	5	15	56
0	5	15	57
0	5	15	58
0	5	15	59
0	5	15	60
0	5	15	61
0	5	15	62
0	5	15	63
0	5	15	64
0	5	15	65
0	5	15	66
0	5	15	67
0	5	15	68
0	5	15	69
0	5	15	70
0	5	15	71
0	5	15	72
0	5	15	73
0	5	15	74
0	5	15	75
0	5	15	76
0	5	15	77
0	5	15	78
0	5	15	79
0	5	15	80
0	5	15	81
0	5	15	82
0	5	15	83
0	5	15	84
0	5	15	85
0	5	15	86
0	5	15	87
0	5	15	88
0	5	15	89
0	5	15	90
0	5	15	91
0	5	15	92
0	5	15	93
0	5	15	94
0	5	15	95
0	5	15	96
0	5	15	97
0	5	15	98
0	5	15	99
0	5	15	100
0	5	15	101
0	5	15	102
0	5	15	103
0	5	15	104
0	5	15	105
0	5	15	106
0	5	15	107
0	5	15	108
0	5	15	109
0	5	15	110
0	5	15	111
0	5	15	112
0	5	15	113
0	5	15	114
0	5	15	115
0	5	15	116
0	5	15	117
0	5	15	118
0	5	15	119
0	5	15	120
0	5	15	121
0	5	15	122
0	5	15	123
0	5	15	124
0	5	15	125
0	5	15	126
0	5	15	127
0	5	16	0
0	5	16	1
0	5	16	2
0	5	16	3
0	5	16	4
0	5	16	5
0	5	16	6
0	5	16	7
0	5	16	8
0	5	16	9
0	5	16	10
0	5	16	11
0	5	16	12
0	5	16	13
0	5	16	14
0	5	16	15
0	5	16	16
0	5	16	17
0	5	16	18
0	5	16	19
0	5	16	20
0	5	16	21
0	5	16	22
0	5	16	23
0	5	16	24
0	5	16	25
0	5	16	26
0	5	16	27
0	5	16	28
0	5	16	29
0	5	16	30
0	5	16	31
0	5	16	32
0	5	16	33
0	5	16	34
0	5	16	35
0	5	16	36
0	5	16	37
0	5	16	38
0	5	16	39
0	5	16	40
0	5	16	41
0	5	16	42
0	5	16	43
0	5	16	44
0	5	16	45
0	5	16	46
0	5	16	47
0	5	16	48
0	5	16	49
0	5	16	50
0	5	16	51
0	5	16	52
0	5	16	53
0	5	16	54
0	5	16	55
0	5	16	56
0	5	16	57
0	5	16	58
0	5	16	59
0	5	16	60
0	5	16	61
0	5	16	62
0	5	16	63
0	5	16	64
0	5	16	65
0	5	16	66
0	5	16	67
0	5	16	68
0	5	16	69
0	5	16	70
0	5	16	71
0	5	16	72
0	5	16	73
0	5	16	74
0	5	16	75
0	5	16	76
0	5	16	77
0	5	16	78
0	5	16	79
0	5	16	80
0	5	16	81
0	5	16	82
0	5	16	83
0	5	16	84
0	5	16	85
0	5	16	86
0	5	16	87
0	5	16	88
0	5	16	89
0	5	16	90
0	5	16	91
0	5	16	92
0	5	16	93
0	5	16	94
0	5	16	95
0	5	16	96
0	5	16	97
0	5	16	98
0	5	16	99
0	5	16	100
0	5	16	101
0	5	16	102
0	5	16	103
0	5	16	104
0	5	16	105
0	5	16	106
0	5	16	107
0	5	16	108
0	5	16	109
0	5	16	110
0	5	16	111
0	5	16	112
0	5	16	113
0	5	16	114
0	5	16	115
0	5	16	116
0	5	16	117
0	5	16	118
0	5	16	119
0	5	16	120
0	5	16	121
0	5	16	122
0	5	16	123
0	5	16	124
0	5	16	125
0	5	16	126
0	5	16	127
0	5	17	0
0	5	17	1
0	5	17	2
0	5	17	3
0	5	17	4
0	5	17	5
0	5	17	6
0	5	17	7
0	5	17	8
0	5	17	9
0	5	17	10
0	5	17	11
0	5	17	12
0	5	17	13
0	5	17	14
0	5	17	15
0	5	17	16
0	5	17	17
0	5	17	18
0	5	17	19
0	5	17	20
0	5	17	21
0	5	17	22
0	5	17	23
0	5	17	24
0	5	17	25
0	5	17	26
0	5	17	27
0	5	17	28
0	5	17	29
0	5	17	30
0	5	17	31
0	5	17	32
0	5	17	33
0	5	17	34
0	5	17	35
0	5	17	36
0	5	17	37
0	5	17	38
0	5	17	39
0	5	17	40
0	5	17	41
0	5	17	42
0	5	17	43
0	5	17	44
0	5	17	45
0	5	17	46
0	5	17	47
0	5	17	48
0	5	17	49
0	5	17	50
0	5	17	51
0	5	17	52
0	5	17	53
0	5	17	54
0	5	17	55
0	5	17	56
0	5	17	57
0	5	17	58
0	5	17	59
0	5	17	60
0	5	17	61
0	5	17	62
0	5	17	63
0	5	17	64
0	5	17	65
0	5	17	66
0	5	17	67
0	5	17	68
0	5	17	69
0	5	17	70
0	5	17	71
0	5	17	72
0	5	17	73
0	5	17	74
0	5	17	75
0	5	17	76
0	5	17	77
0	5	17	78
0	5	17	79
0	5	17	80
0	5	17	81
0	5	17	82
0	5	17	83
0	5	17	84
0	5	17	85
0	5	17	86
0	5	17	87
0	5	17	88
0	5	17	89
0	5	17	90
0	5	17	91
0	5	17	92
0	5	17	93
0	5	17	94
0	5	17	95
0	5	17	96
0	5	17	97
0	5	17	98
0	5	17	99
0	5	17	100
0	5	17	101
0	5	17	102
0	5	17	103
0	5	17	104
0	5	17	105
0	5	17	106
0	5	17	107
0	5	17	108
0	5	17	109
0	5	17	110
0	5	17	111
0	5	17	112
0	5	17	113
0	5	17	114
0	5	17	115
0	5	17	116
0	5	17	117
0	5	17	118
0	5	17	119
0	5	17	120
0	5	17	121
0	5	17	122
0	5	17	123
0	5	17	124
0	5	17	125
0	5	17	126
0	5	17	127
0	5	18	0
0	5	18	1
0	5	18	2
0	5	18	3
0	5	18	4
0	5	18	5
0	5	18	6
0	5	18	7
0	5	18	8
0	5	18	9
0	5	18	10
0	5	18	11
0	5	18	12
0	5	18	13
0	5	18	14
0	5	18	15
0	5	18	16
0	5	18	17
0	5	18	18
0	5	18	19
0	5	18	20
0	5	18	21
0	5	18	22
0	5	18	23
0	5	18	24
0	5	18	25
0	5	18	26
0	5	18	27
0	5	18	28
0	5	18	29
0	5	18	30
0	5	18	31
0	5	18	32
0	5	18	33
0	5	18	34
0	5	18	35
0	5	18	36
0	5	18	37
0	5	18	38
0	5	18	39
0	5	18	40
0	5	18	41
0	5	18	42
0	5	18	43
0	5	18	44
0	5	18	45
0	5	18	46
0	5	18	47
0	5	18	48
0	5	18	49
0	5	18	50
0	5	18	51
0	5	18	52
0	5	18	53
0	5	18	54
0	5	18	55
0	5	18	56
0	5	18	57
0	5	18	58
0	5	18	59
0	5	18	60
0	5	18	61
0	5	18	62
0	5	18	63
0	5	18	64
0	5	18	65
0	5	18	66
0	5	18	67
0	5	18	68
0	5	18	69
0	5	18	70
0	5	18	71
0	5	18	72
0	5	18	73
0	5	18	74
0	5	18	75
0	5	18	76
0	5	18	77
0	5	18	78
0	5	18	79
0	5	18	80
0	5	18	81
0	5	18	82
0	5	18	83
0	5	18	84
0	5	18	85
0	5	18	86
0	5	18	87
0	5	18	88
0	5	18	89
0	5	18	90
0	5	18	91
0	5	18	92
0	5	18	93
0	5	18	94
0	5	18	95
0	5	18	96
0	5	18	97
0	5	18	98
0	5	18	99
0	5	18	100
0	5	18	101
0	5	18	102
0	5	18	103
0	5	18	104
0	5	18	105
0	5	18	106
0	5	18	107
0	5	18	108
0	5	18	109
0	5	18	110
0	5	18	111
0	5	18	112
0	5	18	113
0	5	18	114
0	5	18	115
0	5	18	116
0	5	18	117
0	5	18	118
0	5	18	119
0	5	18	120
0	5	18	121
0	5	18	122
0	5	18	123
0	5	18	124
0	5	18	125
0	5	18	126
0	5	18	127
0	5	19	0
0	5	19	1
0	5	19	2
0	5	19	3
0	5	19	4
0	5	19	5
0	5	19	6
0	5	19	7
0	5	19	8
0	5	19	9
0	5	19	10
0	5	19	11
0	5	19	12
0	5	19	13
0	5	19	14
0	5	19	15
0	5	19	16
0	5	19	17
0	5	19	18
0	5	19	19
0	5	19	20
0	5	19	21
0	5	19	22
0	5	19	23
0	5	19	24
0	5	19	25
0	5	19	26
0	5	19	27
0	5	19	28
0	5	19	29
0	5	19	30
0	5	19	31
0	5	19	32
0	5	19	33
0	5	19	34
0	5	19	35
0	5	19	36
0	5	19	37
0	5	19	38
0	5	19	39
0	5	19	40
0	5	19	41
0	5	19	42
0	5	19	43
0	5	19	44
0	5	19	45
0	5	19	46
0	5	19	47
0	5	19	48
0	5	19	49
0	5	19	50
0	5	19	51
0	5	19	52
0	5	19	53
0	5	19	54
0	5	19	55
0	5	19	56
0	5	19	57
0	5	19	58
0	5	19	59
0	5	19	60
0	5	19	61
0	5	19	62
0	5	19	63
0	5	19	64
0	5	19	65
0	5	19	66
0	5	19	67
0	5	19	68
0	5	19	69
0	5	19	70
0	5	19	71
0	5	19	72
0	5	19	73
0	5	19	74
0	5	19	75
0	5	19	76
0	5	19	77
0	5	19	78
0	5	19	79
0	5	19	80
0	5	19	81
0	5	19	82
0	5	19	83
0	5	19	84
0	5	19	85
0	5	19	86
0	5	19	87
0	5	19	88
0	5	19	89
0	5	19	90
0	5	19	91
0	5	19	92
0	5	19	93
0	5	19	94
0	5	19	95
0	5	19	96
0	5	19	97
0	5	19	98
0	5	19	99
0	5	19	100
0	5	19	101
0	5	19	102
0	5	19	103
0	5	19	104
0	5	19	105
0	5	19	106
0	5	19	107
0	5	19	108
0	5	19	109
0	5	19	110
0	5	19	111
0	5	19	112
0	5	19	113
0	5	19	114
0	5	19	115
0	5	19	116
0	5	19	117
0	5	19	118
0	5	19	119
0	5	19	120
0	5	19	121
0	5	19	122
0	5	19	123
0	5	19	124
0	5	19	125
0	5	19	126
0	5	19	127
0	5	20	0
0	5	20	1
0	5	20	2
0	5	20	3
0	5	20	4
0	5	20	5
0	5	20	6
0	5	20	7
0	5	20	8
0	5	20	9
0	5	20	10
0	5	20	11
0	5	20	12
0	5	20	13
0	5	20	14
0	5	20	15
0	5	20	16
0	5	20	17
0	5	20	18
0	5	20	19
0	5	20	20
0	5	20	21
0	5	20	22
0	5	20	23
0	5	20	24
0	5	20	25
0	5	20	26
0	5	20	27
0	5	20	28
0	5	20	29
0	5	20	30
0	5	20	31
0	5	20	32
0	5	20	33
0	5	20	34
0	5	20	35
0	5	20	36
0	5	20	37
0	5	20	38
0	5	20	39
0	5	20	40
0	5	20	41
0	5	20	42
0	5	20	43
0	5	20	44
0	5	20	45
0	5	20	46
0	5	20	47
0	5	20	48
0	5	20	49
0	5	20	50
0	5	20	51
0	5	20	52
0	5	20	53
0	5	20	54
0	5	20	55
0	5	20	56
0	5	20	57
0	5	20	58
0	5	20	59
0	5	20	60
0	5	20	61
0	5	20	62
0	5	20	63
0	5	20	64
0	5	20	65
0	5	20	66
0	5	20	67
0	5	20	68
0	5	20	69
0	5	20	70
0	5	20	71
0	5	20	72
0	5	20	73
0	5	20	74
0	5	20	75
0	5	20	76
0	5	20	77
0	5	20	78
0	5	20	79
0	5	20	80
0	5	20	81
0	5	20	82
0	5	20	83
0	5	20	84
0	5	20	85
0	5	20	86
0	5	20	87
0	5	20	88
0	5	20	89
0	5	20	90
0	5	20	91
0	5	20	92
0	5	20	93
0	5	20	94
0	5	20	95
0	5	20	96
0	5	20	97
0	5	20	98
0	5	20	99
0	5	20	100
0	5	20	101
0	5	20	102
0	5	20	103
0	5	20	104
0	5	20	105
0	5	20	106
0	5	20	107
0	5	20	108
0	5	20	109
0	5	20	110
0	5	20	111
0	5	20	112
0	5	20	113
0	5	20	114
0	5	20	115
0	5	20	116
0	5	20	117
0	5	20	118
0	5	20	119
0	5	20	120
0	5	20	121
0	5	20	122
0	5	20	123
0	5	20	124
0	5	20	125
0	5	20	126
0	5	20	127
0	5	21	0
0	5	21	1
0	5	21	2
0	5	21	3
0	5	21	4
0	5	21	5
0	5	21	6
0	5	21	7
0	5	21	8
0	5	21	9
0	5	21	10
0	5	21	11
0	5	21	12
0	5	21	13
0	5	21	14
0	5	21	15
0	5	21	16
0	5	21	17
0	5	21	18
0	5	21	19
0	5	21	20
0	5	21	21
0	5	21	22
0	5	21	23
0	5	21	24
0	5	21	25
0	5	21	26
0	5	21	27
0	5	21	28
0	5	21	29
0	5	21	30
0	5	21	31
0	5	21	32
0	5	21	33
0	5	21	34
0	5	21	35
0	5	21	36
0	5	21	37
0	5	21	38
0	5	21	39
0	5	21	40
0	5	21	41
0	5	21	42
0	5	21	43
0	5	21	44
0	5	21	45
0	5	21	46
0	5	21	47
0	5	21	48
0	5	21	49
0	5	21	50
0	5	21	51
0	5	21	52
0	5	21	53
0	5	21	54
0	5	21	55
0	5	21	56
0	5	21	57
0	5	21	58
0	5	21	59
0	5	21	60
0	5	21	61
0	5	21	62
0	5	21	63
0	5	21	64
0	5	21	65
0	5	21	66
0	5	21	67
0	5	21	68
0	5	21	69
0	5	21	70
0	5	21	71
0	5	21	72
0	5	21	73
0	5	21	74
0	5	21	75
0	5	21	76
0	5	21	77
0	5	21	78
0	5	21	79
0	5	21	80
0	5	21	81
0	5	21	82
0	5	21	83
0	5	21	84
0	5	21	85
0	5	21	86
0	5	21	87
0	5	21	88
0	5	21	89
0	5	21	90
0	5	21	91
0	5	21	92
0	5	21	93
0	5	21	94
0	5	21	95
0	5	21	96
0	5	21	97
0	5	21	98
0	5	21	99
0	5	21	100
0	5	21	101
0	5	21	102
0	5	21	103
0	5	21	104
0	5	21	105
0	5	21	106
0	5	21	107
0	5	21	108
0	5	21	109
0	5	21	110
0	5	21	111
0	5	21	112
0	5	21	113
0	5	21	114
0	5	21	115
0	5	21	116
0	5	21	117
0	5	21	118
0	5	21	119
0	5	21	120
0	5	21	121
0	5	21	122
0	5	21	123
0	5	21	124
0	5	21	125
0	5	21	126
0	5	21	127
0	5	22	0
0	5	22	1
0	5	22	2
0	5	22	3
0	5	22	4
0	5	22	5
0	5	22	6
0	5	22	7
0	5	22	8
0	5	22	9
0	5	22	10
0	5	22	11
0	5	22	12
0	5	22	13
0	5	22	14
0	5	22	15
0	5	22	16
0	5	22	17
0	5	22	18
0	5	22	19
0	5	22	20
0	5	22	21
0	5	22	22
0	5	22	23
0	5	22	24
0	5	22	25
0	5	22	26
0	5	22	27
0	5	22	28
0	5	22	29
0	5	22	30
0	5	22	31
0	5	22	32
0	5	22	33
0	5	22	34
0	5	22	35
0	5	22	36
0	5	22	37
0	5	22	38
0	5	22	39
0	5	22	40
0	5	22	41
0	5	22	42
0	5	22	43
0	5	22	44
0	5	22	45
0	5	22	46
0	5	22	47
0	5	22	48
0	5	22	49
0	5	22	50
0	5	22	51
0	5	22	52
0	5	22	53
0	5	22	54
0	5	22	55
0	5	22	56
0	5	22	57
0	5	22	58
0	5	22	59
0	5	22	60
0	5	22	61
0	5	22	62
0	5	22	63
0	5	22	64
0	5	22	65
0	5	22	66
0	5	22	67
0	5	22	68
0	5	22	69
0	5	22	70
0	5	22	71
0	5	22	72
0	5	22	73
0	5	22	74
0	5	22	75
0	5	22	76
0	5	22	77
0	5	22	78
0	5	22	79
0	5	22	80
0	5	22	81
0	5	22	82
0	5	22	83
0	5	22	84
0	5	22	85
0	5	22	86
0	5	22	87
0	5	22	88
0	5	22	89
0	5	22	90
0	5	22	91
0	5	22	92
0	5	22	93
0	5	22	94
0	5	22	95
0	5	22	96
0	5	22	97
0	5	22	98
0	5	22	99
0	5	22	100
0	5	22	101
0	5	22	102
0	5	22	103
0	5	22	104
0	5	22	105
0	5	22	106
0	5	22	107
0	5	22	108
0	5	22	109
0	5	22	110
0	5	22	111
0	5	22	112
0	5	22	113
0	5	22	114
0	5	22	115
0	5	22	116
0	5	22	117
0	5	22	118
0	5	22	119
0	5	22	120
0	5	22	121
0	5	22	122
0	5	22	123
0	5	22	124
0	5	22	125
0	5	22	126
0	5	22	127
0	5	23	0
0	5	23	1
0	5	23	2
0	5	23	3
0	5	23	4
0	5	23	5
0	5	23	6
0	5	23	7
0	5	23	8
0	5	23	9
0	5	23	10
0	5	23	11
0	5	23	12
0	5	23	13
0	5	23	14
0	5	23	15
0	5	23	16
0	5	23	17
0	5	23	18
0	5	23	19
0	5	23	20
0	5	23	21
0	5	23	22
0	5	23	23
0	5	23	24
0	5	23	25
0	5	23	26
0	5	23	27
0	5	23	28
0	5	23	29
0	5	23	30
0	5	23	31
0	5	23	32
0	5	23	33
0	5	23	34
0	5	23	35
0	5	23	36
0	5	23	37
0	5	23	38
0	5	23	39
0	5	23	40
0	5	23	41
0	5	23	42
0	5	23	43
0	5	23	44
0	5	23	45
0	5	23	46
0	5	23	47
0	5	23	48
0	5	23	49
0	5	23	50
0	5	23	51
0	5	23	52
0	5	23	53
0	5	23	54
0	5	23	55
0	5	23	56
0	5	23	57
0	5	23	58
0	5	23	59
0	5	23	60
0	5	23	61
0	5	23	62
0	5	23	63
0	5	23	64
0	5	23	65
0	5	23	66
0	5	23	67
0	5	23	68
0	5	23	69
0	5	23	70
0	5	23	71
0	5	23	72
0	5	23	73
0	5	23	74
0	5	23	75
0	5	23	76
0	5	23	77
0	5	23	78
0	5	23	79
0	5	23	80
0	5	23	81
0	5	23	82
0	5	23	83
0	5	23	84
0	5	23	85
0	5	23	86
0	5	23	87
0	5	23	88
0	5	23	89
0	5	23	90
0	5	23	91
0	5	23	92
0	5	23	93
0	5	23	94
0	5	23	95
0	5	23	96
0	5	23	97
0	5	23	98
0	5	23	99
0	5	23	100
0	5	23	101
0	5	23	102
0	5	23	103
0	5	23	104
0	5	23	105
0	5	23	106
0	5	23	107
0	5	23	108
0	5	23	109
0	5	23	110
0	5	23	111
0	5	23	112
0	5	23	113
0	5	23	114
0	5	23	115
0	5	23	116
0	5	23	117
0	5	23	118
0	5	23	119
0	5	23	120
0	5	23	121
0	5	23	122
0	5	23	123
0	5	23	124
0	5	23	125
0	5	23	126
0	5	23	127
0	5	24	0
0	5	24	1
0	5	24	2
0	5	24	3
0	5	24	4
0	5	24	5
0	5	24	6
0	5	24	7
0	5	24	8
0	5	24	9
0	5	24	10
0	5	24	11
0	5	24	12
0	5	24	13
0	5	24	14
0	5	24	15
0	5	24	16
0	5	24	17
0	5	24	18
0	5	24	19
0	5	24	20
0	5	24	21
0	5	24	22
0	5	24	23
0	5	24	24
0	5	24	25
0	5	24	26
0	5	24	27
0	5	24	28
0	5	24	29
0	5	24	30
0	5	24	31
0	5	24	32
0	5	24	33
0	5	24	34
0	5	24	35
0	5	24	36
0	5	24	37
0	5	24	38
0	5	24	39
0	5	24	40
0	5	24	41
0	5	24	42
0	5	24	43
0	5	24	44
0	5	24	45
0	5	24	46
0	5	24	47
0	5	24	48
0	5	24	49
0	5	24	50
0	5	24	51
0	5	24	52
0	5	24	53
0	5	24	54
0	5	24	55
0	5	24	56
0	5	24	57
0	5	24	58
0	5	24	59
0	5	24	60
0	5	24	61
0	5	24	62
0	5	24	63
0	5	24	64
0	5	24	65
0	5	24	66
0	5	24	67
0	5	24	68
0	5	24	69
0	5	24	70
0	5	24	71
0	5	24	72
0	5	24	73
0	5	24	74
0	5	24	75
0	5	24	76
0	5	24	77
0	5	24	78
0	5	24	79
0	5	24	80
0	5	24	81
0	5	24	82
0	5	24	83
0	5	24	84
0	5	24	85
0	5	24	86
0	5	24	87
0	5	24	88
0	5	24	89
0	5	24	90
0	5	24	91
0	5	24	92
0	5	24	93
0	5	24	94
0	5	24	95
0	5	24	96
0	5	24	97
0	5	24	98
0	5	24	99
0	5	24	100
0	5	24	101
0	5	24	102
0	5	24	103
0	5	24	104
0	5	24	105
0	5	24	106
0	5	24	107
0	5	24	108
0	5	24	109
0	5	24	110
0	5	24	111
0	5	24	112
0	5	24	113
0	5	24	114
0	5	24	115
0	5	24	116
0	5	24	117
0	5	24	118
0	5	24	119
0	5	24	120
0	5	24	121
0	5	24	122
0	5	24	123
0	5	24	124
0	5	24	125
0	5	24	126
0	5	24	127
0	5	25	0
0	5	25	1
0	5	25	2
0	5	25	3
0	5	25	4
0	5	25	5
0	5	25	6
0	5	25	7
0	5	25	8
0	5	25	9
0	5	25	10
0	5	25	11
0	5	25	12
0	5	25	13
0	5	25	14
0	5	25	15
0	5	25	16
0	5	25	17
0	5	25	18
0	5	25	19
0	5	25	20
0	5	25	21
0	5	25	22
0	5	25	23
0	5	25	24
0	5	25	25
0	5	25	26
0	5	25	27
0	5	25	28
0	5	25	29
0	5	25	30
0	5	25	31
0	5	25	32
0	5	25	33
0	5	25	34
0	5	25	35
0	5	25	36
0	5	25	37
0	5	25	38
0	5	25	39
0	5	25	40
0	5	25	41
0	5	25	42
0	5	25	43
0	5	25	44
0	5	25	45
0	5	25	46
0	5	25	47
0	5	25	48
0	5	25	49
0	5	25	50
0	5	25	51
0	5	25	52
0	5	25	53
0	5	25	54
0	5	25	55
0	5	25	56
0	5	25	57
0	5	25	58
0	5	25	59
0	5	25	60
0	5	25	61
0	5	25	62
0	5	25	63
0	5	25	64
0	5	25	65
0	5	25	66
0	5	25	67
0	5	25	68
0	5	25	69
0	5	25	70
0	5	25	71
0	5	25	72
0	5	25	73
0	5	25	74
0	5	25	75
0	5	25	76
0	5	25	77
0	5	25	78
0	5	25	79
0	5	25	80
0	5	25	81
0	5	25	82
0	5	25	83
0	5	25	84
0	5	25	85
0	5	25	86
0	5	25	87
0	5	25	88
0	5	25	89
0	5	25	90
0	5	25	91
0	5	25	92
0	5	25	93
0	5	25	94
0	5	25	95
0	5	25	96
0	5	25	97
0	5	25	98
0	5	25	99
0	5	25	100
0	5	25	101
0	5	25	102
0	5	25	103
0	5	25	104
0	5	25	105
0	5	25	106
0	5	25	107
0	5	25	108
0	5	25	109
0	5	25	110
0	5	25	111
0	5	25	112
0	5	25	113
0	5	25	114
0	5	25	115
0	5	25	116
0	5	25	117
0	5	25	118
0	5	25	119
0	5	25	120
0	5	25	121
0	5	25	122
0	5	25	123
0	5	25	124
0	5	25	125
0	5	25	126
0	5	25	127
0	6	0	0
0	6	0	1
0	6	0	2
0	6	0	3
0	6	0	4
0	6	0	5
0	6	0	6
0	6	0	7
0	6	0	8
0	6	0	9
0	6	0	10
0	6	0	11
0	6	0	12
0	6	0	13
0	6	0	14
0	6	0	15
0	6	0	16
0	6	0	17
0	6	0	18
0	6	0	19
0	6	0	20
0	6	0	21
0	6	0	22
0	6	0	23
0	6	0	24
0	6	0	25
0	6	0	26
0	6	0	27
0	6	0	28
0	6	0	29
0	6	0	30
0	6	0	31
0	6	0	32
0	6	0	33
0	6	0	34
0	6	0	35
0	6	0	36
0	6	0	37
0	6	0	38
0	6	0	39
0	6	0	40
0	6	0	41
0	6	0	42
0	6	0	43
0	6	0	44
0	6	0	45
0	6	0	46
0	6	0	47
0	6	0	48
0	6	0	49
0	6	0	50
0	6	0	51
0	6	0	52
0	6	0	53
0	6	0	54
0	6	0	55
0	6	0	56
0	6	0	57
0	6	0	58
0	6	0	59
0	6	0	60
0	6	0	61
0	6	0	62
0	6	0	63
0	6	0	64
0	6	0	65
0	6	0	66
0	6	0	67
0	6	0	68
0	6	0	69
0	6	0	70
0	6	0	71
0	6	0	72
0	6	0	73
0	6	0	74
0	6	0	75
0	6	0	76
0	6	0	77
0	6	0	78
0	6	0	79
0	6	0	80
0	6	0	81
0	6	0	82
0	6	0	83
0	6	0	84
0	6	0	85
0	6	0	86
0	6	0	87
0	6	0	88
0	6	0	89
0	6	0	90
0	6	0	91
0	6	0	92
0	6	0	93
0	6	0	94
0	6	0	95
0	6	0	96
0	6	0	97
0	6	0	98
0	6	0	99
0	6	0	100
0	6	0	101
0	6	0	102
0	6	0	103
0	6	0	104
0	6	0	105
0	6	0	106
0	6	0	107
0	6	0	108
0	6	0	109
0	6	0	110
0	6	0	111
0	6	0	112
0	6	0	113
0	6	0	114
0	6	0	115
0	6	0	116
0	6	0	117
0	6	0	118
0	6	0	119
0	6	0	120
0	6	0	121
0	6	0	122
0	6	0	123
0	6	0	124
0	6	0	125
0	6	0	126
0	6	0	127
0	6	1	0
0	6	1	1
0	6	1	2
0	6	1	3
0	6	1	4
0	6	1	5
0	6	1	6
0	6	1	7
0	6	1	8
0	6	1	9
0	6	1	10
0	6	1	11
0	6	1	12
0	6	1	13
0	6	1	14
0	6	1	15
0	6	1	16
0	6	1	17
0	6	1	18
0	6	1	19
0	6	1	20
0	6	1	21
0	6	1	22
0	6	1	23
0	6	1	24
0	6	1	25
0	6	1	26
0	6	1	27
0	6	1	28
0	6	1	29
0	6	1	30
0	6	1	31
0	6	1	32
0	6	1	33
0	6	1	34
0	6	1	35
0	6	1	36
0	6	1	37
0	6	1	38
0	6	1	39
0	6	1	40
0	6	1	41
0	6	1	42
0	6	1	43
0	6	1	44
0	6	1	45
0	6	1	46
0	6	1	47
0	6	1	48
0	6	1	49
0	6	1	50
0	6	1	51
0	6	1	52
0	6	1	53
0	6	1	54
0	6	1	55
0	6	1	56
0	6	1	57
0	6	1	58
0	6	1	59
0	6	1	60
0	6	1	61
0	6	1	62
0	6	1	63
0	6	1	64
0	6	1	65
0	6	1	66
0	6	1	67
0	6	1	68
0	6	1	69
0	6	1	70
0	6	1	71
0	6	1	72
0	6	1	73
0	6	1	74
0	6	1	75
0	6	1	76
0	6	1	77
0	6	1	78
0	6	1	79
0	6	1	80
0	6	1	81
0	6	1	82
0	6	1	83
0	6	1	84
0	6	1	85
0	6	1	86
0	6	1	87
0	6	1	88
0	6	1	89
0	6	1	90
0	6	1	91
0	6	1	92
0	6	1	93
0	6	1	94
0	6	1	95
0	6	1	96
0	6	1	97
0	6	1	98
0	6	1	99
0	6	1	100
0	6	1	101
0	6	1	102
0	6	1	103
0	6	1	104
0	6	1	105
0	6	1	106
0	6	1	107
0	6	1	108
0	6	1	109
0	6	1	110
0	6	1	111
0	6	1	112
0	6	1	113
0	6	1	114
0	6	1	115
0	6	1	116
0	6	1	117
0	6	1	118
0	6	1	119
0	6	1	120
0	6	1	121
0	6	1	122
0	6	1	123
0	6	1	124
0	6	1	125
0	6	1	126
0	6	1	127
0	6	2	0
0	6	2	1
0	6	2	2
0	6	2	3
0	6	2	4
0	6	2	5
0	6	2	6
0	6	2	7
0	6	2	8
0	6	2	9
0	6	2	10
0	6	2	11
0	6	2	12
0	6	2	13
0	6	2	14
0	6	2	15
0	6	2	16
0	6	2	17
0	6	2	18
0	6	2	19
0	6	2	20
0	6	2	21
0	6	2	22
0	6	2	23
0	6	2	24
0	6	2	25
0	6	2	26
0	6	2	27
0	6	2	28
0	6	2	29
0	6	2	30
0	6	2	31
0	6	2	32
0	6	2	33
0	6	2	34
0	6	2	35
0	6	2	36
0	6	2	37
0	6	2	38
0	6	2	39
0	6	2	40
0	6	2	41
0	6	2	42
0	6	2	43
0	6	2	44
0	6	2	45
0	6	2	46
0	6	2	47
0	6	2	48
0	6	2	49
0	6	2	50
0	6	2	51
0	6	2	52
0	6	2	53
0	6	2	54
0	6	2	55
0	6	2	56
0	6	2	57
0	6	2	58
0	6	2	59
0	6	2	60
0	6	2	61
0	6	2	62
0	6	2	63
0	6	2	64
0	6	2	65
0	6	2	66
0	6	2	67
0	6	2	68
0	6	2	69
0	6	2	70
0	6	2	71
0	6	2	72
0	6	2	73
0	6	2	74
0	6	2	75
0	6	2	76
0	6	2	77
0	6	2	78
0	6	2	79
0	6	2	80
0	6	2	81
0	6	2	82
0	6	2	83
0	6	2	84
0	6	2	85
0	6	2	86
0	6	2	87
0	6	2	88
0	6	2	89
0	6	2	90
0	6	2	91
0	6	2	92
0	6	2	93
0	6	2	94
0	6	2	95
0	6	2	96
0	6	2	97
0	6	2	98
0	6	2	99
0	6	2	100
0	6	2	101
0	6	2	102
0	6	2	103
0	6	2	104
0	6	2	105
0	6	2	106
0	6	2	107
0	6	2	108
0	6	2	109
0	6	2	110
0	6	2	111
0	6	2	112
0	6	2	113
0	6	2	114
0	6	2	115
0	6	2	116
0	6	2	117
0	6	2	118
0	6	2	119
0	6	2	120
0	6	2	121
0	6	2	122
0	6	2	123
0	6	2	124
0	6	2	125
0	6	2	126
0	6	2	127
0	6	3	0
0	6	3	1
0	6	3	2
0	6	3	3
0	6	3	4
0	6	3	5
0	6	3	6
0	6	3	7
0	6	3	8
0	6	3	9
0	6	3	10
0	6	3	11
0	6	3	12
0	6	3	13
0	6	3	14
0	6	3	15
0	6	3	16
0	6	3	17
0	6	3	18
0	6	3	19
0	6	3	20
0	6	3	21
0	6	3	22
0	6	3	23
0	6	3	24
0	6	3	25
0	6	3	26
0	6	3	27
0	6	3	28
0	6	3	29
0	6	3	30
0	6	3	31
0	6	3	32
0	6	3	33
0	6	3	34
0	6	3	35
0	6	3	36
0	6	3	37
0	6	3	38
0	6	3	39
0	6	3	40
0	6	3	41
0	6	3	42
0	6	3	43
0	6	3	44
0	6	3	45
0	6	3	46
0	6	3	47
0	6	3	48
0	6	3	49
0	6	3	50
0	6	3	51
0	6	3	52
0	6	3	53
0	6	3	54
0	6	3	55
0	6	3	56
0	6	3	57
0	6	3	58
0	6	3	59
0	6	3	60
0	6	3	61
0	6	3	62
0	6	3	63
0	6	3	64
0	6	3	65
0	6	3	66
0	6	3	67
0	6	3	68
0	6	3	69
0	6	3	70
0	6	3	71
0	6	3	72
0	6	3	73
0	6	3	74
0	6	3	75
0	6	3	76
0	6	3	77
0	6	3	78
0	6	3	79
0	6	3	80
0	6	3	81
0	6	3	82
0	6	3	83
0	6	3	84
0	6	3	85
0	6	3	86
0	6	3	87
0	6	3	88
0	6	3	89
0	6	3	90
0	6	3	91
0	6	3	92
0	6	3	93
0	6	3	94
0	6	3	95
0	6	3	96
0	6	3	97
0	6	3	98
0	6	3	99
0	6	3	100
0	6	3	101
0	6	3	102
0	6	3	103
0	6	3	104
0	6	3	105
0	6	3	106
0	6	3	107
0	6	3	108
0	6	3	109
0	6	3	110
0	6	3	111
0	6	3	112
0	6	3	113
0	6	3	114
0	6	3	115
0	6	3	116
0	6	3	117
0	6	3	118
0	6	3	119
0	6	3	120
0	6	3	121
0	6	3	122
0	6	3	123
0	6	3	124
0	6	3	125
0	6	3	126
0	6	3	127
0	6	4	0
0	6	4	1
0	6	4	2
0	6	4	3
0	6	4	4
0	6	4	5
0	6	4	6
0	6	4	7
0	6	4	8
0	6	4	9
0	6	4	10
0	6	4	11
0	6	4	12
0	6	4	13
0	6	4	14
0	6	4	15
0	6	4	16
0	6	4	17
0	6	4	18
0	6	4	19
0	6	4	20
0	6	4	21
0	6	4	22
0	6	4	23
0	6	4	24
0	6	4	25
0	6	4	26
0	6	4	27
0	6	4	28
0	6	4	29
0	6	4	30
0	6	4	31
0	6	4	32
0	6	4	33
0	6	4	34
0	6	4	35
0	6	4	36
0	6	4	37
0	6	4	38
0	6	4	39
0	6	4	40
0	6	4	41
0	6	4	42
0	6	4	43
0	6	4	44
0	6	4	45
0	6	4	46
0	6	4	47
0	6	4	48
0	6	4	49
0	6	4	50
0	6	4	51
0	6	4	52
0	6	4	53
0	6	4	54
0	6	4	55
0	6	4	56
0	6	4	57
0	6	4	58
0	6	4	59
0	6	4	60
0	6	4	61
0	6	4	62
0	6	4	63
0	6	4	64
0	6	4	65
0	6	4	66
0	6	4	67
0	6	4	68
0	6	4	69
0	6	4	70
0	6	4	71
0	6	4	72
0	6	4	73
0	6	4	74
0	6	4	75
0	6	4	76
0	6	4	77
0	6	4	78
0	6	4	79
0	6	4	80
0	6	4	81
0	6	4	82
0	6	4	83
0	6	4	84
0	6	4	85
0	6	4	86
0	6	4	87
0	6	4	88
0	6	4	89
0	6	4	90
0	6	4	91
0	6	4	92
0	6	4	93
0	6	4	94
0	6	4	95
0	6	4	96
0	6	4	97
0	6	4	98
0	6	4	99
0	6	4	100
0	6	4	101
0	6	4	102
0	6	4	103
0	6	4	104
0	6	4	105
0	6	4	106
0	6	4	107
0	6	4	108
0	6	4	109
0	6	4	110
0	6	4	111
0	6	4	112
0	6	4	113
0	6	4	114
0	6	4	115
0	6	4	116
0	6	4	117
0	6	4	118
0	6	4	119
0	6	4	120
0	6	4	121
0	6	4	122
0	6	4	123
0	6	4	124
0	6	4	125
0	6	4	126
0	6	4	127
0	6	5	0
0	6	5	1
0	6	5	2
0	6	5	3
0	6	5	4
0	6	5	5
0	6	5	6
0	6	5	7
0	6	5	8
0	6	5	9
0	6	5	10
0	6	5	11
0	6	5	12
0	6	5	13
0	6	5	14
0	6	5	15
0	6	5	16
0	6	5	17
0	6	5	18
0	6	5	19
0	6	5	20
0	6	5	21
0	6	5	22
0	6	5	23
0	6	5	24
0	6	5	25
0	6	5	26
0	6	5	27
0	6	5	28
0	6	5	29
0	6	5	30
0	6	5	31
0	6	5	32
0	6	5	33
0	6	5	34
0	6	5	35
0	6	5	36
0	6	5	37
0	6	5	38
0	6	5	39
0	6	5	40
0	6	5	41
0	6	5	42
0	6	5	43
0	6	5	44
0	6	5	45
0	6	5	46
0	6	5	47
0	6	5	48
0	6	5	49
0	6	5	50
0	6	5	51
0	6	5	52
0	6	5	53
0	6	5	54
0	6	5	55
0	6	5	56
0	6	5	57
0	6	5	58
0	6	5	59
0	6	5	60
0	6	5	61
0	6	5	62
0	6	5	63
0	6	5	64
0	6	5	65
0	6	5	66
0	6	5	67
0	6	5	68
0	6	5	69
0	6	5	70
0	6	5	71
0	6	5	72
0	6	5	73
0	6	5	74
0	6	5	75
0	6	5	76
0	6	5	77
0	6	5	78
0	6	5	79
0	6	5	80
0	6	5	81
0	6	5	82
0	6	5	83
0	6	5	84
0	6	5	85
0	6	5	86
0	6	5	87
0	6	5	88
0	6	5	89
0	6	5	90
0	6	5	91
0	6	5	92
0	6	5	93
0	6	5	94
0	6	5	95
0	6	5	96
0	6	5	97
0	6	5	98
0	6	5	99
0	6	5	100
0	6	5	101
0	6	5	102
0	6	5	103
0	6	5	104
0	6	5	105
0	6	5	106
0	6	5	107
0	6	5	108
0	6	5	109
0	6	5	110
0	6	5	111
0	6	5	112
0	6	5	113
0	6	5	114
0	6	5	115
0	6	5	116
0	6	5	117
0	6	5	118
0	6	5	119
0	6	5	120
0	6	5	121
0	6	5	122
0	6	5	123
0	6	5	124
0	6	5	125
0	6	5	126
0	6	5	127
0	6	6	0
0	6	6	1
0	6	6	2
0	6	6	3
0	6	6	4
0	6	6	5
0	6	6	6
0	6	6	7
0	6	6	8
0	6	6	9
0	6	6	10
0	6	6	11
0	6	6	12
0	6	6	13
0	6	6	14
0	6	6	15
0	6	6	16
0	6	6	17
0	6	6	18
0	6	6	19
0	6	6	20
0	6	6	21
0	6	6	22
0	6	6	23
0	6	6	24
0	6	6	25
0	6	6	26
0	6	6	27
0	6	6	28
0	6	6	29
0	6	6	30
0	6	6	31
0	6	6	32
0	6	6	33
0	6	6	34
0	6	6	35
0	6	6	36
0	6	6	37
0	6	6	38
0	6	6	39
0	6	6	40
0	6	6	41
0	6	6	42
0	6	6	43
0	6	6	44
0	6	6	45
0	6	6	46
0	6	6	47
0	6	6	48
0	6	6	49
0	6	6	50
0	6	6	51
0	6	6	52
0	6	6	53
0	6	6	54
0	6	6	55
0	6	6	56
0	6	6	57
0	6	6	58
0	6	6	59
0	6	6	60
0	6	6	61
0	6	6	62
0	6	6	63
0	6	6	64
0	6	6	65
0	6	6	66
0	6	6	67
0	6	6	68
0	6	6	69
0	6	6	70
0	6	6	71
0	6	6	72
0	6	6	73
0	6	6	74
0	6	6	75
0	6	6	76
0	6	6	77
0	6	6	78
0	6	6	79
0	6	6	80
0	6	6	81
0	6	6	82
0	6	6	83
0	6	6	84
0	6	6	85
0	6	6	86
0	6	6	87
0	6	6	88
0	6	6	89
0	6	6	90
0	6	6	91
0	6	6	92
0	6	6	93
0	6	6	94
0	6	6	95
0	6	6	96
0	6	6	97
0	6	6	98
0	6	6	99
0	6	6	100
0	6	6	101
0	6	6	102
0	6	6	103
0	6	6	104
0	6	6	105
0	6	6	106
0	6	6	107
0	6	6	108
0	6	6	109
0	6	6	110
0	6	6	111
0	6	6	112
0	6	6	113
0	6	6	114
0	6	6	115
0	6	6	116
0	6	6	117
0	6	6	118
0	6	6	119
0	6	6	120
0	6	6	121
0	6	6	122
0	6	6	123
0	6	6	124
0	6	6	125
0	6	6	126
0	6	6	127
0	6	7	0
0	6	7	1
0	6	7	2
0	6	7	3
0	6	7	4
0	6	7	5
0	6	7	6
0	6	7	7
0	6	7	8
0	6	7	9
0	6	7	10
0	6	7	11
0	6	7	12
0	6	7	13
0	6	7	14
0	6	7	15
0	6	7	16
0	6	7	17
0	6	7	18
0	6	7	19
0	6	7	20
0	6	7	21
0	6	7	22
0	6	7	23
0	6	7	24
0	6	7	25
0	6	7	26
0	6	7	27
0	6	7	28
0	6	7	29
0	6	7	30
0	6	7	31
0	6	7	32
0	6	7	33
0	6	7	34
0	6	7	35
0	6	7	36
0	6	7	37
0	6	7	38
0	6	7	39
0	6	7	40
0	6	7	41
0	6	7	42
0	6	7	43
0	6	7	44
0	6	7	45
0	6	7	46
0	6	7	47
0	6	7	48
0	6	7	49
0	6	7	50
0	6	7	51
0	6	7	52
0	6	7	53
0	6	7	54
0	6	7	55
0	6	7	56
0	6	7	57
0	6	7	58
0	6	7	59
0	6	7	60
0	6	7	61
0	6	7	62
0	6	7	63
0	6	7	64
0	6	7	65
0	6	7	66
0	6	7	67
0	6	7	68
0	6	7	69
0	6	7	70
0	6	7	71
0	6	7	72
0	6	7	73
0	6	7	74
0	6	7	75
0	6	7	76
0	6	7	77
0	6	7	78
0	6	7	79
0	6	7	80
0	6	7	81
0	6	7	82
0	6	7	83
0	6	7	84
0	6	7	85
0	6	7	86
0	6	7	87
0	6	7	88
0	6	7	89
0	6	7	90
0	6	7	91
0	6	7	92
0	6	7	93
0	6	7	94
0	6	7	95
0	6	7	96
0	6	7	97
0	6	7	98
0	6	7	99
0	6	7	100
0	6	7	101
0	6	7	102
0	6	7	103
0	6	7	104
0	6	7	105
0	6	7	106
0	6	7	107
0	6	7	108
0	6	7	109
0	6	7	110
0	6	7	111
0	6	7	112
0	6	7	113
0	6	7	114
0	6	7	115
0	6	7	116
0	6	7	117
0	6	7	118
0	6	7	119
0	6	7	120
0	6	7	121
0	6	7	122
0	6	7	123
0	6	7	124
0	6	7	125
0	6	7	126
0	6	7	127
0	6	8	0
0	6	8	1
0	6	8	2
0	6	8	3
0	6	8	4
0	6	8	5
0	6	8	6
0	6	8	7
0	6	8	8
0	6	8	9
0	6	8	10
0	6	8	11
0	6	8	12
0	6	8	13
0	6	8	14
0	6	8	15
0	6	8	16
0	6	8	17
0	6	8	18
0	6	8	19
0	6	8	20
0	6	8	21
0	6	8	22
0	6	8	23
0	6	8	24
0	6	8	25
0	6	8	26
0	6	8	27
0	6	8	28
0	6	8	29
0	6	8	30
0	6	8	31
0	6	8	32
0	6	8	33
0	6	8	34
0	6	8	35
0	6	8	36
0	6	8	37
0	6	8	38
0	6	8	39
0	6	8	40
0	6	8	41
0	6	8	42
0	6	8	43
0	6	8	44
0	6	8	45
0	6	8	46
0	6	8	47
0	6	8	48
0	6	8	49
0	6	8	50
0	6	8	51
0	6	8	52
0	6	8	53
0	6	8	54
0	6	8	55
0	6	8	56
0	6	8	57
0	6	8	58
0	6	8	59
0	6	8	60
0	6	8	61
0	6	8	62
0	6	8	63
0	6	8	64
0	6	8	65
0	6	8	66
0	6	8	67
0	6	8	68
0	6	8	69
0	6	8	70
0	6	8	71
0	6	8	72
0	6	8	73
0	6	8	74
0	6	8	75
0	6	8	76
0	6	8	77
0	6	8	78
0	6	8	79
0	6	8	80
0	6	8	81
0	6	8	82
0	6	8	83
0	6	8	84
0	6	8	85
0	6	8	86
0	6	8	87
0	6	8	88
0	6	8	89
0	6	8	90
0	6	8	91
0	6	8	92
0	6	8	93
0	6	8	94
0	6	8	95
0	6	8	96
0	6	8	97
0	6	8	98
0	6	8	99
0	6	8	100
0	6	8	101
0	6	8	102
0	6	8	103
0	6	8	104
0	6	8	105
0	6	8	106
0	6	8	107
0	6	8	108
0	6	8	109
0	6	8	110
0	6	8	111
0	6	8	112
0	6	8	113
0	6	8	114
0	6	8	115
0	6	8	116
0	6	8	117
0	6	8	118
0	6	8	119
0	6	8	120
0	6	8	121
0	6	8	122
0	6	8	123
0	6	8	124
0	6	8	125
0	6	8	126
0	6	8	127
0	6	9	0
0	6	9	1
0	6	9	2
0	6	9	3
0	6	9	4
0	6	9	5
0	6	9	6
0	6	9	7
0	6	9	8
0	6	9	9
0	6	9	10
0	6	9	11
0	6	9	12
0	6	9	13
0	6	9	14
0	6	9	15
0	6	9	16
0	6	9	17
0	6	9	18
0	6	9	19
0	6	9	20
0	6	9	21
0	6	9	22
0	6	9	23
0	6	9	24
0	6	9	25
0	6	9	26
0	6	9	27
0	6	9	28
0	6	9	29
0	6	9	30
0	6	9	31
0	6	9	32
0	6	9	33
0	6	9	34
0	6	9	35
0	6	9	36
0	6	9	37
0	6	9	38
0	6	9	39
0	6	9	40
0	6	9	41
0	6	9	42
0	6	9	43
0	6	9	44
0	6	9	45
0	6	9	46
0	6	9	47
0	6	9	48
0	6	9	49
0	6	9	50
0	6	9	51
0	6	9	52
0	6	9	53
0	6	9	54
0	6	9	55
0	6	9	56
0	6	9	57
0	6	9	58
0	6	9	59
0	6	9	60
0	6	9	61
0	6	9	62
0	6	9	63
0	6	9	64
0	6	9	65
0	6	9	66
0	6	9	67
0	6	9	68
0	6	9	69
0	6	9	70
0	6	9	71
0	6	9	72
0	6	9	73
0	6	9	74
0	6	9	75
0	6	9	76
0	6	9	77
0	6	9	78
0	6	9	79
0	6	9	80
0	6	9	81
0	6	9	82
0	6	9	83
0	6	9	84
0	6	9	85
0	6	9	86
0	6	9	87
0	6	9	88
0	6	9	89
0	6	9	90
0	6	9	91
0	6	9	92
0	6	9	93
0	6	9	94
0	6	9	95
0	6	9	96
0	6	9	97
0	6	9	98
0	6	9	99
0	6	9	100
0	6	9	101
0	6	9	102
0	6	9	103
0	6	9	104
0	6	9	105
0	6	9	106
0	6	9	107
0	6	9	108
0	6	9	109
0	6	9	110
0	6	9	111
0	6	9	112
0	6	9	113
0	6	9	114
0	6	9	115
0	6	9	116
0	6	9	117
0	6	9	118
0	6	9	119
0	6	9	120
0	6	9	121
0	6	9	122
0	6	9	123
0	6	9	124
0	6	9	125
0	6	9	126
0	6	9	127
0	6	10	0
0	6	10	1
0	6	10	2
0	6	10	3
0	6	10	4
0	6	10	5
0	6	10	6
0	6	10	7
0	6	10	8
0	6	10	9
0	6	10	10
0	6	10	11
0	6	10	12
0	6	10	13
0	6	10	14
0	6	10	15
0	6	10	16
0	6	10	17
0	6	10	18
0	6	10	19
0	6	10	20
0	6	10	21
0	6	10	22
0	6	10	23
0	6	10	24
0	6	10	25
0	6	10	26
0	6	10	27
0	6	10	28
0	6	10	29
0	6	10	30
0	6	10	31
0	6	10	32
0	6	10	33
0	6	10	34
0	6	10	35
0	6	10	36
0	6	10	37
0	6	10	38
0	6	10	39
0	6	10	40
0	6	10	41
0	6	10	42
0	6	10	43
0	6	10	44
0	6	10	45
0	6	10	46
0	6	10	47
0	6	10	48
0	6	10	49
0	6	10	50
0	6	10	51
0	6	10	52
0	6	10	53
0	6	10	54
0	6	10	55
0	6	10	56
0	6	10	57
0	6	10	58
0	6	10	59
0	6	10	60
0	6	10	61
0	6	10	62
0	6	10	63
0	6	10	64
0	6	10	65
0	6	10	66
0	6	10	67
0	6	10	68
0	6	10	69
0	6	10	70
0	6	10	71
0	6	10	72
0	6	10	73
0	6	10	74
0	6	10	75
0	6	10	76
0	6	10	77
0	6	10	78
0	6	10	79
0	6	10	80
0	6	10	81
0	6	10	82
0	6	10	83
0	6	10	84
0	6	10	85
0	6	10	86
0	6	10	87
0	6	10	88
0	6	10	89
0	6	10	90
0	6	10	91
0	6	10	92
0	6	10	93
0	6	10	94
0	6	10	95
0	6	10	96
0	6	10	97
0	6	10	98
0	6	10	99
0	6	10	100
0	6	10	101
0	6	10	102
0	6	10	103
0	6	10	104
0	6	10	105
0	6	10	106
0	6	10	107
0	6	10	108
0	6	10	109
0	6	10	110
0	6	10	111
0	6	10	112
0	6	10	113
0	6	10	114
0	6	10	115
0	6	10	116
0	6	10	117
0	6	10	118
0	6	10	119
0	6	10	120
0	6	10	121
0	6	10	122
0	6	10	123
0	6	10	124
0	6	10	125
0	6	10	126
0	6	10	127
0	6	11	0
0	6	11	1
0	6	11	2
0	6	11	3
0	6	11	4
0	6	11	5
0	6	11	6
0	6	11	7
0	6	11	8
0	6	11	9
0	6	11	10
0	6	11	11
0	6	11	12
0	6	11	13
0	6	11	14
0	6	11	15
0	6	11	16
0	6	11	17
0	6	11	18
0	6	11	19
0	6	11	20
0	6	11	21
0	6	11	22
0	6	11	23
0	6	11	24
0	6	11	25
0	6	11	26
0	6	11	27
0	6	11	28
0	6	11	29
0	6	11	30
0	6	11	31
0	6	11	32
0	6	11	33
0	6	11	34
0	6	11	35
0	6	11	36
0	6	11	37
0	6	11	38
0	6	11	39
0	6	11	40
0	6	11	41
0	6	11	42
0	6	11	43
0	6	11	44
0	6	11	45
0	6	11	46
0	6	11	47
0	6	11	48
0	6	11	49
0	6	11	50
0	6	11	51
0	6	11	52
0	6	11	53
0	6	11	54
0	6	11	55
0	6	11	56
0	6	11	57
0	6	11	58
0	6	11	59
0	6	11	60
0	6	11	61
0	6	11	62
0	6	11	63
0	6	11	64
0	6	11	65
0	6	11	66
0	6	11	67
0	6	11	68
0	6	11	69
0	6	11	70
0	6	11	71
0	6	11	72
0	6	11	73
0	6	11	74
0	6	11	75
0	6	11	76
0	6	11	77
0	6	11	78
0	6	11	79
0	6	11	80
0	6	11	81
0	6	11	82
0	6	11	83
0	6	11	84
0	6	11	85
0	6	11	86
0	6	11	87
0	6	11	88
0	6	11	89
0	6	11	90
0	6	11	91
0	6	11	92
0	6	11	93
0	6	11	94
0	6	11	95
0	6	11	96
0	6	11	97
0	6	11	98
0	6	11	99
0	6	11	100
0	6	11	101
0	6	11	102
0	6	11	103
0	6	11	104
0	6	11	105
0	6	11	106
0	6	11	107
0	6	11	108
0	6	11	109
0	6	11	110
0	6	11	111
0	6	11	112
0	6	11	113
0	6	11	114
0	6	11	115
0	6	11	116
0	6	11	117
0	6	11	118
0	6	11	119
0	6	11	120
0	6	11	121
0	6	11	122
0	6	11	123
0	6	11	124
0	6	11	125
0	6	11	126
0	6	11	127
0	6	12	0
0	6	12	1
0	6	12	2
0	6	12	3
0	6	12	4
0	6	12	5
0	6	12	6
0	6	12	7
0	6	12	8
0	6	12	9
0	6	12	10
0	6	12	11
0	6	12	12
0	6	12	13
0	6	12	14
0	6	12	15
0	6	12	16
0	6	12	17
0	6	12	18
0	6	12	19
0	6	12	20
0	6	12	21
0	6	12	22
0	6	12	23
0	6	12	24
0	6	12	25
0	6	12	26
0	6	12	27
0	6	12	28
0	6	12	29
0	6	12	30
0	6	12	31
0	6	12	32
0	6	12	33
0	6	12	34
0	6	12	35
0	6	12	36
0	6	12	37
0	6	12	38
0	6	12	39
0	6	12	40
0	6	12	41
0	6	12	42
0	6	12	43
0	6	12	44
0	6	12	45
0	6	12	46
0	6	12	47
0	6	12	48
0	6	12	49
0	6	12	50
0	6	12	51
0	6	12	52
0	6	12	53
0	6	12	54
0	6	12	55
0	6	12	56
0	6	12	57
0	6	12	58
0	6	12	59
0	6	12	60
0	6	12	61
0	6	12	62
0	6	12	63
0	6	12	64
0	6	12	65
0	6	12	66
0	6	12	67
0	6	12	68
0	6	12	69
0	6	12	70
0	6	12	71
0	6	12	72
0	6	12	73
0	6	12	74
0	6	12	75
0	6	12	76
0	6	12	77
0	6	12	78
0	6	12	79
0	6	12	80
0	6	12	81
0	6	12	82
0	6	12	83
0	6	12	84
0	6	12	85
0	6	12	86
0	6	12	87
0	6	12	88
0	6	12	89
0	6	12	90
0	6	12	91
0	6	12	92
0	6	12	93
0	6	12	94
0	6	12	95
0	6	12	96
0	6	12	97
0	6	12	98
0	6	12	99
0	6	12	100
0	6	12	101
0	6	12	102
0	6	12	103
0	6	12	104
0	6	12	105
0	6	12	106
0	6	12	107
0	6	12	108
0	6	12	109
0	6	12	110
0	6	12	111
0	6	12	112
0	6	12	113
0	6	12	114
0	6	12	115
0	6	12	116
0	6	12	117
0	6	12	118
0	6	12	119
0	6	12	120
0	6	12	121
0	6	12	122
0	6	12	123
0	6	12	124
0	6	12	125
0	6	12	126
0	6	12	127
0	6	13	0
0	6	13	1
0	6	13	2
0	6	13	3
0	6	13	4
0	6	13	5
0	6	13	6
0	6	13	7
0	6	13	8
0	6	13	9
0	6	13	10
0	6	13	11
0	6	13	12
0	6	13	13
0	6	13	14
0	6	13	15
0	6	13	16
0	6	13	17
0	6	13	18
0	6	13	19
0	6	13	20
0	6	13	21
0	6	13	22
0	6	13	23
0	6	13	24
0	6	13	25
0	6	13	26
0	6	13	27
0	6	13	28
0	6	13	29
0	6	13	30
0	6	13	31
0	6	13	32
0	6	13	33
0	6	13	34
0	6	13	35
0	6	13	36
0	6	13	37
0	6	13	38
0	6	13	39
0	6	13	40
0	6	13	41
0	6	13	42
0	6	13	43
0	6	13	44
0	6	13	45
0	6	13	46
0	6	13	47
0	6	13	48
0	6	13	49
0	6	13	50
0	6	13	51
0	6	13	52
0	6	13	53
0	6	13	54
0	6	13	55
0	6	13	56
0	6	13	57
0	6	13	58
0	6	13	59
0	6	13	60
0	6	13	61
0	6	13	62
0	6	13	63
0	6	13	64
0	6	13	65
0	6	13	66
0	6	13	67
0	6	13	68
0	6	13	69
0	6	13	70
0	6	13	71
0	6	13	72
0	6	13	73
0	6	13	74
0	6	13	75
0	6	13	76
0	6	13	77
0	6	13	78
0	6	13	79
0	6	13	80
0	6	13	81
0	6	13	82
0	6	13	83
0	6	13	84
0	6	13	85
0	6	13	86
0	6	13	87
0	6	13	88
0	6	13	89
0	6	13	90
0	6	13	91
0	6	13	92
0	6	13	93
0	6	13	94
0	6	13	95
0	6	13	96
0	6	13	97
0	6	13	98
0	6	13	99
0	6	13	100
0	6	13	101
0	6	13	102
0	6	13	103
0	6	13	104
0	6	13	105
0	6	13	106
0	6	13	107
0	6	13	108
0	6	13	109
0	6	13	110
0	6	13	111
0	6	13	112
0	6	13	113
0	6	13	114
0	6	13	115
0	6	13	116
0	6	13	117
0	6	13	118
0	6	13	119
0	6	13	120
0	6	13	121
0	6	13	122
0	6	13	123
0	6	13	124
0	6	13	125
0	6	13	126
0	6	13	127
0	6	14	0
0	6	14	1
0	6	14	2
0	6	14	3
0	6	14	4
0	6	14	5
0	6	14	6
0	6	14	7
0	6	14	8
0	6	14	9
0	6	14	10
0	6	14	11
0	6	14	12
0	6	14	13
0	6	14	14
0	6	14	15
0	6	14	16
0	6	14	17
0	6	14	18
0	6	14	19
0	6	14	20
0	6	14	21
0	6	14	22
0	6	14	23
0	6	14	24
0	6	14	25
0	6	14	26
0	6	14	27
0	6	14	28
0	6	14	29
0	6	14	30
0	6	14	31
0	6	14	32
0	6	14	33
0	6	14	34
0	6	14	35
0	6	14	36
0	6	14	37
0	6	14	38
0	6	14	39
0	6	14	40
0	6	14	41
0	6	14	42
0	6	14	43
0	6	14	44
0	6	14	45
0	6	14	46
0	6	14	47
0	6	14	48
0	6	14	49
0	6	14	50
0	6	14	51
0	6	14	52
0	6	14	53
0	6	14	54
0	6	14	55
0	6	14	56
0	6	14	57
0	6	14	58
0	6	14	59
0	6	14	60
0	6	14	61
0	6	14	62
0	6	14	63
0	6	14	64
0	6	14	65
0	6	14	66
0	6	14	67
0	6	14	68
0	6	14	69
0	6	14	70
0	6	14	71
0	6	14	72
0	6	14	73
0	6	14	74
0	6	14	75
0	6	14	76
0	6	14	77
0	6	14	78
0	6	14	79
0	6	14	80
0	6	14	81
0	6	14	82
0	6	14	83
0	6	14	84
0	6	14	85
0	6	14	86
0	6	14	87
0	6	14	88
0	6	14	89
0	6	14	90
0	6	14	91
0	6	14	92
0	6	14	93
0	6	14	94
0	6	14	95
0	6	14	96
0	6	14	97
0	6	14	98
0	6	14	99
0	6	14	100
0	6	14	101
0	6	14	102
0	6	14	103
0	6	14	104
0	6	14	105
0	6	14	106
0	6	14	107
0	6	14	108
0	6	14	109
0	6	14	110
0	6	14	111
0	6	14	112
0	6	14	113
0	6	14	114
0	6	14	115
0	6	14	116
0	6	14	117
0	6	14	118
0	6	14	119
0	6	14	120
0	6	14	121
0	6	14	122
0	6	14	123
0	6	14	124
0	6	14	125
0	6	14	126
0	6	14	127
0	6	15	0
0	6	15	1
0	6	15	2
0	6	15	3
0	6	15	4
0	6	15	5
0	6	15	6
0	6	15	7
0	6	15	8
0	6	15	9
0	6	15	10
0	6	15	11
0	6	15	12
0	6	15	13
0	6	15	14
0	6	15	15
0	6	15	16
0	6	15	17
0	6	15	18
0	6	15	19
0	6	15	20
0	6	15	21
0	6	15	22
0	6	15	23
0	6	15	24
0	6	15	25
0	6	15	26
0	6	15	27
0	6	15	28
0	6	15	29
0	6	15	30
0	6	15	31
0	6	15	32
0	6	15	33
0	6	15	34
0	6	15	35
0	6	15	36
0	6	15	37
0	6	15	38
0	6	15	39
0	6	15	40
0	6	15	41
0	6	15	42
0	6	15	43
0	6	15	44
0	6	15	45
0	6	15	46
0	6	15	47
0	6	15	48
0	6	15	49
0	6	15	50
0	6	15	51
0	6	15	52
0	6	15	53
0	6	15	54
0	6	15	55
0	6	15	56
0	6	15	57
0	6	15	58
0	6	15	59
0	6	15	60
0	6	15	61
0	6	15	62
0	6	15	63
0	6	15	64
0	6	15	65
0	6	15	66
0	6	15	67
0	6	15	68
0	6	15	69
0	6	15	70
0	6	15	71
0	6	15	72
0	6	15	73
0	6	15	74
0	6	15	75
0	6	15	76
0	6	15	77
0	6	15	78
0	6	15	79
0	6	15	80
0	6	15	81
0	6	15	82
0	6	15	83
0	6	15	84
0	6	15	85
0	6	15	86
0	6	15	87
0	6	15	88
0	6	15	89
0	6	15	90
0	6	15	91
0	6	15	92
0	6	15	93
0	6	15	94
0	6	15	95
0	6	15	96
0	6	15	97
0	6	15	98
0	6	15	99
0	6	15	100
0	6	15	101
0	6	15	102
0	6	15	103
0	6	15	104
0	6	15	105
0	6	15	106
0	6	15	107
0	6	15	108
0	6	15	109
0	6	15	110
0	6	15	111
0	6	15	112
0	6	15	113
0	6	15	114
0	6	15	115
0	6	15	116
0	6	15	117
0	6	15	118
0	6	15	119
0	6	15	120
0	6	15	121
0	6	15	122
0	6	15	123
0	6	15	124
0	6	15	125
0	6	15	126
0	6	15	127
0	6	16	0
0	6	16	1
0	6	16	2
0	6	16	3
0	6	16	4
0	6	16	5
0	6	16	6
0	6	16	7
0	6	16	8
0	6	16	9
0	6	16	10
0	6	16	11
0	6	16	12
0	6	16	13
0	6	16	14
0	6	16	15
0	6	16	16
0	6	16	17
0	6	16	18
0	6	16	19
0	6	16	20
0	6	16	21
0	6	16	22
0	6	16	23
0	6	16	24
0	6	16	25
0	6	16	26
0	6	16	27
0	6	16	28
0	6	16	29
0	6	16	30
0	6	16	31
0	6	16	32
0	6	16	33
0	6	16	34
0	6	16	35
0	6	16	36
0	6	16	37
0	6	16	38
0	6	16	39
0	6	16	40
0	6	16	41
0	6	16	42
0	6	16	43
0	6	16	44
0	6	16	45
0	6	16	46
0	6	16	47
0	6	16	48
0	6	16	49
0	6	16	50
0	6	16	51
0	6	16	52
0	6	16	53
0	6	16	54
0	6	16	55
0	6	16	56
0	6	16	57
0	6	16	58
0	6	16	59
0	6	16	60
0	6	16	61
0	6	16	62
0	6	16	63
0	6	16	64
0	6	16	65
0	6	16	66
0	6	16	67
0	6	16	68
0	6	16	69
0	6	16	70
0	6	16	71
0	6	16	72
0	6	16	73
0	6	16	74
0	6	16	75
0	6	16	76
0	6	16	77
0	6	16	78
0	6	16	79
0	6	16	80
0	6	16	81
0	6	16	82
0	6	16	83
0	6	16	84
0	6	16	85
0	6	16	86
0	6	16	87
0	6	16	88
0	6	16	89
0	6	16	90
0	6	16	91
0	6	16	92
0	6	16	93
0	6	16	94
0	6	16	95
0	6	16	96
0	6	16	97
0	6	16	98
0	6	16	99
0	6	16	100
0	6	16	101
0	6	16	102
0	6	16	103
0	6	16	104
0	6	16	105
0	6	16	106
0	6	16	107
0	6	16	108
0	6	16	109
0	6	16	110
0	6	16	111
0	6	16	112
0	6	16	113
0	6	16	114
0	6	16	115
0	6	16	116
0	6	16	117
0	6	16	118
0	6	16	119
0	6	16	120
0	6	16	121
0	6	16	122
0	6	16	123
0	6	16	124
0	6	16	125
0	6	16	126
0	6	16	127
0	6	17	0
0	6	17	1
0	6	17	2
0	6	17	3
0	6	17	4
0	6	17	5
0	6	17	6
0	6	17	7
0	6	17	8
0	6	17	9
0	6	17	10
0	6	17	11
0	6	17	12
0	6	17	13
0	6	17	14
0	6	17	15
0	6	17	16
0	6	17	17
0	6	17	18
0	6	17	19
0	6	17	20
0	6	17	21
0	6	17	22
0	6	17	23
0	6	17	24
0	6	17	25
0	6	17	26
0	6	17	27
0	6	17	28
0	6	17	29
0	6	17	30
0	6	17	31
0	6	17	32
0	6	17	33
0	6	17	34
0	6	17	35
0	6	17	36
0	6	17	37
0	6	17	38
0	6	17	39
0	6	17	40
0	6	17	41
0	6	17	42
0	6	17	43
0	6	17	44
0	6	17	45
0	6	17	46
0	6	17	47
0	6	17	48
0	6	17	49
0	6	17	50
0	6	17	51
0	6	17	52
0	6	17	53
0	6	17	54
0	6	17	55
0	6	17	56
0	6	17	57
0	6	17	58
0	6	17	59
0	6	17	60
0	6	17	61
0	6	17	62
0	6	17	63
0	6	17	64
0	6	17	65
0	6	17	66
0	6	17	67
0	6	17	68
0	6	17	69
0	6	17	70
0	6	17	71
0	6	17	72
0	6	17	73
0	6	17	74
0	6	17	75
0	6	17	76
0	6	17	77
0	6	17	78
0	6	17	79
0	6	17	80
0	6	17	81
0	6	17	82
0	6	17	83
0	6	17	84
0	6	17	85
0	6	17	86
0	6	17	87
0	6	17	88
0	6	17	89
0	6	17	90
0	6	17	91
0	6	17	92
0	6	17	93
0	6	17	94
0	6	17	95
0	6	17	96
0	6	17	97
0	6	17	98
0	6	17	99
0	6	17	100
0	6	17	101
0	6	17	102
0	6	17	103
0	6	17	104
0	6	17	105
0	6	17	106
0	6	17	107
0	6	17	108
0	6	17	109
0	6	17	110
0	6	17	111
0	6	17	112
0	6	17	113
0	6	17	114
0	6	17	115
0	6	17	116
0	6	17	117
0	6	17	118
0	6	17	119
0	6	17	120
0	6	17	121
0	6	17	122
0	6	17	123
0	6	17	124
0	6	17	125
0	6	17	126
0	6	17	127
0	6	18	0
0	6	18	1
0	6	18	2
0	6	18	3
0	6	18	4
0	6	18	5
0	6	18	6
0	6	18	7
0	6	18	8
0	6	18	9
0	6	18	10
0	6	18	11
0	6	18	12
0	6	18	13
0	6	18	14
0	6	18	15
0	6	18	16
0	6	18	17
0	6	18	18
0	6	18	19
0	6	18	20
0	6	18	21
0	6	18	22
0	6	18	23
0	6	18	24
0	6	18	25
0	6	18	26
0	6	18	27
0	6	18	28
0	6	18	29
0	6	18	30
0	6	18	31
0	6	18	32
0	6	18	33
0	6	18	34
0	6	18	35
0	6	18	36
0	6	18	37
0	6	18	38
0	6	18	39
0	6	18	40
0	6	18	41
0	6	18	42
0	6	18	43
0	6	18	44
0	6	18	45
0	6	18	46
0	6	18	47
0	6	18	48
0	6	18	49
0	6	18	50
0	6	18	51
0	6	18	52
0	6	18	53
0	6	18	54
0	6	18	55
0	6	18	56
0	6	18	57
0	6	18	58
0	6	18	59
0	6	18	60
0	6	18	61
0	6	18	62
0	6	18	63
0	6	18	64
0	6	18	65
0	6	18	66
0	6	18	67
0	6	18	68
0	6	18	69
0	6	18	70
0	6	18	71
0	6	18	72
0	6	18	73
0	6	18	74
0	6	18	75
0	6	18	76
0	6	18	77
0	6	18	78
0	6	18	79
0	6	18	80
0	6	18	81
0	6	18	82
0	6	18	83
0	6	18	84
0	6	18	85
0	6	18	86
0	6	18	87
0	6	18	88
0	6	18	89
0	6	18	90
0	6	18	91
0	6	18	92
0	6	18	93
0	6	18	94
0	6	18	95
0	6	18	96
0	6	18	97
0	6	18	98
0	6	18	99
0	6	18	100
0	6	18	101
0	6	18	102
0	6	18	103
0	6	18	104
0	6	18	105
0	6	18	106
0	6	18	107
0	6	18	108
0	6	18	109
0	6	18	110
0	6	18	111
0	6	18	112
0	6	18	113
0	6	18	114
0	6	18	115
0	6	18	116
0	6	18	117
0	6	18	118
0	6	18	119
0	6	18	120
0	6	18	121
0	6	18	122
0	6	18	123
0	6	18	124
0	6	18	125
0	6	18	126
0	6	18	127
0	6	19	0
0	6	19	1
0	6	19	2
0	6	19	3
0	6	19	4
0	6	19	5
0	6	19	6
0	6	19	7
0	6	19	8
0	6	19	9
0	6	19	10
0	6	19	11
0	6	19	12
0	6	19	13
0	6	19	14
0	6	19	15
0	6	19	16
0	6	19	17
0	6	19	18
0	6	19	19
0	6	19	20
0	6	19	21
0	6	19	22
0	6	19	23
0	6	19	24
0	6	19	25
0	6	19	26
0	6	19	27
0	6	19	28
0	6	19	29
0	6	19	30
0	6	19	31
0	6	19	32
0	6	19	33
0	6	19	34
0	6	19	35
0	6	19	36
0	6	19	37
0	6	19	38
0	6	19	39
0	6	19	40
0	6	19	41
0	6	19	42
0	6	19	43
0	6	19	44
0	6	19	45
0	6	19	46
0	6	19	47
0	6	19	48
0	6	19	49
0	6	19	50
0	6	19	51
0	6	19	52
0	6	19	53
0	6	19	54
0	6	19	55
0	6	19	56
0	6	19	57
0	6	19	58
0	6	19	59
0	6	19	60
0	6	19	61
0	6	19	62
0	6	19	63
0	6	19	64
0	6	19	65
0	6	19	66
0	6	19	67
0	6	19	68
0	6	19	69
0	6	19	70
0	6	19	71
0	6	19	72
0	6	19	73
0	6	19	74
0	6	19	75
0	6	19	76
0	6	19	77
0	6	19	78
0	6	19	79
0	6	19	80
0	6	19	81
0	6	19	82
0	6	19	83
0	6	19	84
0	6	19	85
0	6	19	86
0	6	19	87
0	6	19	88
0	6	19	89
0	6	19	90
0	6	19	91
0	6	19	92
0	6	19	93
0	6	19	94
0	6	19	95
0	6	19	96
0	6	19	97
0	6	19	98
0	6	19	99
0	6	19	100
0	6	19	101
0	6	19	102
0	6	19	103
0	6	19	104
0	6	19	105
0	6	19	106
0	6	19	107
0	6	19	108
0	6	19	109
0	6	19	110
0	6	19	111
0	6	19	112
0	6	19	113
0	6	19	114
0	6	19	115
0	6	19	116
0	6	19	117
0	6	19	118
0	6	19	119
0	6	19	120
0	6	19	121
0	6	19	122
0	6	19	123
0	6	19	124
0	6	19	125
0	6	19	126
0	6	19	127
0	6	20	0
0	6	20	1
0	6	20	2
0	6	20	3
0	6	20	4
0	6	20	5
0	6	20	6
0	6	20	7
0	6	20	8
0	6	20	9
0	6	20	10
0	6	20	11
0	6	20	12
0	6	20	13
0	6	20	14
0	6	20	15
0	6	20	16
0	6	20	17
0	6	20	18
0	6	20	19
0	6	20	20
0	6	20	21
0	6	20	22
0	6	20	23
0	6	20	24
0	6	20	25
0	6	20	26
0	6	20	27
0	6	20	28
0	6	20	29
0	6	20	30
0	6	20	31
0	6	20	32
0	6	20	33
0	6	20	34
0	6	20	35
0	6	20	36
0	6	20	37
0	6	20	38
0	6	20	39
0	6	20	40
0	6	20	41
0	6	20	42
0	6	20	43
0	6	20	44
0	6	20	45
0	6	20	46
0	6	20	47
0	6	20	48
0	6	20	49
0	6	20	50
0	6	20	51
0	6	20	52
0	6	20	53
0	6	20	54
0	6	20	55
0	6	20	56
0	6	20	57
0	6	20	58
0	6	20	59
0	6	20	60
0	6	20	61
0	6	20	62
0	6	20	63
0	6	20	64
0	6	20	65
0	6	20	66
0	6	20	67
0	6	20	68
0	6	20	69
0	6	20	70
0	6	20	71
0	6	20	72
0	6	20	73
0	6	20	74
0	6	20	75
0	6	20	76
0	6	20	77
0	6	20	78
0	6	20	79
0	6	20	80
0	6	20	81
0	6	20	82
0	6	20	83
0	6	20	84
0	6	20	85
0	6	20	86
0	6	20	87
0	6	20	88
0	6	20	89
0	6	20	90
0	6	20	91
0	6	20	92
0	6	20	93
0	6	20	94
0	6	20	95
0	6	20	96
0	6	20	97
0	6	20	98
0	6	20	99
0	6	20	100
0	6	20	101
0	6	20	102
0	6	20	103
0	6	20	104
0	6	20	105
0	6	20	106
0	6	20	107
0	6	20	108
0	6	20	109
0	6	20	110
0	6	20	111
0	6	20	112
0	6	20	113
0	6	20	114
0	6	20	115
0	6	20	116
0	6	20	117
0	6	20	118
0	6	20	119
0	6	20	120
0	6	20	121
0	6	20	122
0	6	20	123
0	6	20	124
0	6	20	125
0	6	20	126
0	6	20	127
0	6	21	0
0	6	21	1
0	6	21	2
0	6	21	3
0	6	21	4
0	6	21	5
0	6	21	6
0	6	21	7
0	6	21	8
0	6	21	9
0	6	21	10
0	6	21	11
0	6	21	12
0	6	21	13
0	6	21	14
0	6	21	15
0	6	21	16
0	6	21	17
0	6	21	18
0	6	21	19
0	6	21	20
0	6	21	21
0	6	21	22
0	6	21	23
0	6	21	24
0	6	21	25
0	6	21	26
0	6	21	27
0	6	21	28
0	6	21	29
0	6	21	30
0	6	21	31
0	6	21	32
0	6	21	33
0	6	21	34
0	6	21	35
0	6	21	36
0	6	21	37
0	6	21	38
0	6	21	39
0	6	21	40
0	6	21	41
0	6	21	42
0	6	21	43
0	6	21	44
0	6	21	45
0	6	21	46
0	6	21	47
0	6	21	48
0	6	21	49
0	6	21	50
0	6	21	51
0	6	21	52
0	6	21	53
0	6	21	54
0	6	21	55
0	6	21	56
0	6	21	57
0	6	21	58
0	6	21	59
0	6	21	60
0	6	21	61
0	6	21	62
0	6	21	63
0	6	21	64
0	6	21	65
0	6	21	66
0	6	21	67
0	6	21	68
0	6	21	69
0	6	21	70
0	6	21	71
0	6	21	72
0	6	21	73
0	6	21	74
0	6	21	75
0	6	21	76
0	6	21	77
0	6	21	78
0	6	21	79
0	6	21	80
0	6	21	81
0	6	21	82
0	6	21	83
0	6	21	84
0	6	21	85
0	6	21	86
0	6	21	87
0	6	21	88
0	6	21	89
0	6	21	90
0	6	21	91
0	6	21	92
0	6	21	93
0	6	21	94
0	6	21	95
0	6	21	96
0	6	21	97
0	6	21	98
0	6	21	99
0	6	21	100
0	6	21	101
0	6	21	102
0	6	21	103
0	6	21	104
0	6	21	105
0	6	21	106
0	6	21	107
0	6	21	108
0	6	21	109
0	6	21	110
0	6	21	111
0	6	21	112
0	6	21	113
0	6	21	114
0	6	21	115
0	6	21	116
0	6	21	117
0	6	21	118
0	6	21	119
0	6	21	120
0	6	21	121
0	6	21	122
0	6	21	123
0	6	21	124
0	6	21	125
0	6	21	126
0	6	21	127
0	6	22	0
0	6	22	1
0	6	22	2
0	6	22	3
0	6	22	4
0	6	22	5
0	6	22	6
0	6	22	7
0	6	22	8
0	6	22	9
0	6	22	10
0	6	22	11
0	6	22	12
0	6	22	13
0	6	22	14
0	6	22	15
0	6	22	16
0	6	22	17
0	6	22	18
0	6	22	19
0	6	22	20
0	6	22	21
0	6	22	22
0	6	22	23
0	6	22	24
0	6	22	25
0	6	22	26
0	6	22	27
0	6	22	28
0	6	22	29
0	6	22	30
0	6	22	31
0	6	22	32
0	6	22	33
0	6	22	34
0	6	22	35
0	6	22	36
0	6	22	37
0	6	22	38
0	6	22	39
0	6	22	40
0	6	22	41
0	6	22	42
0	6	22	43
0	6	22	44
0	6	22	45
0	6	22	46
0	6	22	47
0	6	22	48
0	6	22	49
0	6	22	50
0	6	22	51
0	6	22	52
0	6	22	53
0	6	22	54
0	6	22	55
0	6	22	56
0	6	22	57
0	6	22	58
0	6	22	59
0	6	22	60
0	6	22	61
0	6	22	62
0	6	22	63
0	6	22	64
0	6	22	65
0	6	22	66
0	6	22	67
0	6	22	68
0	6	22	69
0	6	22	70
0	6	22	71
0	6	22	72
0	6	22	73
0	6	22	74
0	6	22	75
0	6	22	76
0	6	22	77
0	6	22	78
0	6	22	79
0	6	22	80
0	6	22	81
0	6	22	82
0	6	22	83
0	6	22	84
0	6	22	85
0	6	22	86
0	6	22	87
0	6	22	88
0	6	22	89
0	6	22	90
0	6	22	91
0	6	22	92
0	6	22	93
0	6	22	94
0	6	22	95
0	6	22	96
0	6	22	97
0	6	22	98
0	6	22	99
0	6	22	100
0	6	22	101
0	6	22	102
0	6	22	103
0	6	22	104
0	6	22	105
0	6	22	106
0	6	22	107
0	6	22	108
0	6	22	109
0	6	22	110
0	6	22	111
0	6	22	112
0	6	22	113
0	6	22	114
0	6	22	115
0	6	22	116
0	6	22	117
0	6	22	118
0	6	22	119
0	6	22	120
0	6	22	121
0	6	22	122
0	6	22	123
0	6	22	124
0	6	22	125
0	6	22	126
0	6	22	127
0	6	23	0
0	6	23	1
0	6	23	2
0	6	23	3
0	6	23	4
0	6	23	5
0	6	23	6
0	6	23	7
0	6	23	8
0	6	23	9
0	6	23	10
0	6	23	11
0	6	23	12
0	6	23	13
0	6	23	14
0	6	23	15
0	6	23	16
0	6	23	17
0	6	23	18
0	6	23	19
0	6	23	20
0	6	23	21
0	6	23	22
0	6	23	23
0	6	23	24
0	6	23	25
0	6	23	26
0	6	23	27
0	6	23	28
0	6	23	29
0	6	23	30
0	6	23	31
0	6	23	32
0	6	23	33
0	6	23	34
0	6	23	35
0	6	23	36
0	6	23	37
0	6	23	38
0	6	23	39
0	6	23	40
0	6	23	41
0	6	23	42
0	6	23	43
0	6	23	44
0	6	23	45
0	6	23	46
0	6	23	47
0	6	23	48
0	6	23	49
0	6	23	50
0	6	23	51
0	6	23	52
0	6	23	53
0	6	23	54
0	6	23	55
0	6	23	56
0	6	23	57
0	6	23	58
0	6	23	59
0	6	23	60
0	6	23	61
0	6	23	62
0	6	23	63
0	6	23	64
0	6	23	65
0	6	23	66
0	6	23	67
0	6	23	68
0	6	23	69
0	6	23	70
0	6	23	71
0	6	23	72
0	6	23	73
0	6	23	74
0	6	23	75
0	6	23	76
0	6	23	77
0	6	23	78
0	6	23	79
0	6	23	80
0	6	23	81
0	6	23	82
0	6	23	83
0	6	23	84
0	6	23	85
0	6	23	86
0	6	23	87
0	6	23	88
0	6	23	89
0	6	23	90
0	6	23	91
0	6	23	92
0	6	23	93
0	6	23	94
0	6	23	95
0	6	23	96
0	6	23	97
0	6	23	98
0	6	23	99
0	6	23	100
0	6	23	101
0	6	23	102
0	6	23	103
0	6	23	104
0	6	23	105
0	6	23	106
0	6	23	107
0	6	23	108
0	6	23	109
0	6	23	110
0	6	23	111
0	6	23	112
0	6	23	113
0	6	23	114
0	6	23	115
0	6	23	116
0	6	23	117
0	6	23	118
0	6	23	119
0	6	23	120
0	6	23	121
0	6	23	122
0	6	23	123
0	6	23	124
0	6	23	125
0	6	23	126
0	6	23	127
0	6	24	0
0	6	24	1
0	6	24	2
0	6	24	3
0	6	24	4
0	6	24	5
0	6	24	6
0	6	24	7
0	6	24	8
0	6	24	9
0	6	24	10
0	6	24	11
0	6	24	12
0	6	24	13
0	6	24	14
0	6	24	15
0	6	24	16
0	6	24	17
0	6	24	18
0	6	24	19
0	6	24	20
0	6	24	21
0	6	24	22
0	6	24	23
0	6	24	24
0	6	24	25
0	6	24	26
0	6	24	27
0	6	24	28
0	6	24	29
0	6	24	30
0	6	24	31
0	6	24	32
0	6	24	33
0	6	24	34
0	6	24	35
0	6	24	36
0	6	24	37
0	6	24	38
0	6	24	39
0	6	24	40
0	6	24	41
0	6	24	42
0	6	24	43
0	6	24	44
0	6	24	45
0	6	24	46
0	6	24	47
0	6	24	48
0	6	24	49
0	6	24	50
0	6	24	51
0	6	24	52
0	6	24	53
0	6	24	54
0	6	24	55
0	6	24	56
0	6	24	57
0	6	24	58
0	6	24	59
0	6	24	60
0	6	24	61
0	6	24	62
0	6	24	63
0	6	24	64
0	6	24	65
0	6	24	66
0	6	24	67
0	6	24	68
0	6	24	69
0	6	24	70
0	6	24	71
0	6	24	72
0	6	24	73
0	6	24	74
0	6	24	75
0	6	24	76
0	6	24	77
0	6	24	78
0	6	24	79
0	6	24	80
0	6	24	81
0	6	24	82
0	6	24	83
0	6	24	84
0	6	24	85
0	6	24	86
0	6	24	87
0	6	24	88
0	6	24	89
0	6	24	90
0	6	24	91
0	6	24	92
0	6	24	93
0	6	24	94
0	6	24	95
0	6	24	96
0	6	24	97
0	6	24	98
0	6	24	99
0	6	24	100
0	6	24	101
0	6	24	102
0	6	24	103
0	6	24	104
0	6	24	105
0	6	24	106
0	6	24	107
0	6	24	108
0	6	24	109
0	6	24	110
0	6	24	111
0	6	24	112
0	6	24	113
0	6	24	114
0	6	24	115
0	6	24	116
0	6	24	117
0	6	24	118
0	6	24	119
0	6	24	120
0	6	24	121
0	6	24	122
0	6	24	123
0	6	24	124
0	6	24	125
0	6	24	126
0	6	24	127
0	6	25	0
0	6	25	1
0	6	25	2
0	6	25	3
0	6	25	4
0	6	25	5
0	6	25	6
0	6	25	7
0	6	25	8
0	6	25	9
0	6	25	10
0	6	25	11
0	6	25	12
0	6	25	13
0	6	25	14
0	6	25	15
0	6	25	16
0	6	25	17
0	6	25	18
0	6	25	19
0	6	25	20
0	6	25	21
0	6	25	22
0	6	25	23
0	6	25	24
0	6	25	25
0	6	25	26
0	6	25	27
0	6	25	28
0	6	25	29
0	6	25	30
0	6	25	31
0	6	25	32
0	6	25	33
0	6	25	34
0	6	25	35
0	6	25	36
0	6	25	37
0	6	25	38
0	6	25	39
0	6	25	40
0	6	25	41
0	6	25	42
0	6	25	43
0	6	25	44
0	6	25	45
0	6	25	46
0	6	25	47
0	6	25	48
0	6	25	49
0	6	25	50
0	6	25	51
0	6	25	52
0	6	25	53
0	6	25	54
0	6	25	55
0	6	25	56
0	6	25	57
0	6	25	58
0	6	25	59
0	6	25	60
0	6	25	61
0	6	25	62
0	6	25	63
0	6	25	64
0	6	25	65
0	6	25	66
0	6	25	67
0	6	25	68
0	6	25	69
0	6	25	70
0	6	25	71
0	6	25	72
0	6	25	73
0	6	25	74
0	6	25	75
0	6	25	76
0	6	25	77
0	6	25	78
0	6	25	79
0	6	25	80
0	6	25	81
0	6	25	82
0	6	25	83
0	6	25	84
0	6	25	85
0	6	25	86
0	6	25	87
0	6	25	88
0	6	25	89
0	6	25	90
0	6	25	91
0	6	25	92
0	6	25	93
0	6	25	94
0	6	25	95
0	6	25	96
0	6	25	97
0	6	25	98
0	6	25	99
0	6	25	100
0	6	25	101
0	6	25	102
0	6	25	103
0	6	25	104
0	6	25	105
0	6	25	106
0	6	25	107
0	6	25	108
0	6	25	109
0	6	25	110
0	6	25	111
0	6	25	112
0	6	25	113
0	6	25	114
0	6	25	115
0	6	25	116
0	6	25	117
0	6	25	118
0	6	25	119
0	6	25	120
0	6	25	121
0	6	25	122
0	6	25	123
0	6	25	124
0	6	25	125
0	6	25	126
0	6	25	127
1	2	14	0
1	2	16	0
1	10	17	86
2	1	7	0
3	13	18	0
6	10	11	0
7	0	6	0
