# FELIX	FELIX_CH	CHIP	CHANNEL
0	1	0	0
0	1	0	1
0	1	0	2
0	1	0	3
0	1	0	4
0	1	0	5
0	1	0	6
0	1	0	7
0	1	0	8
0	1	0	9
0	1	0	10
0	1	0	11
0	1	0	12
0	1	0	13
0	1	0	14
0	1	0	15
0	1	0	16
0	1	0	17
0	1	0	18
0	1	0	19
0	1	0	20
0	1	0	21
0	1	0	22
0	1	0	23
0	1	0	24
0	1	0	25
0	1	0	26
0	1	0	27
0	1	0	28
0	1	0	29
0	1	0	30
0	1	0	31
0	1	0	32
0	1	0	33
0	1	0	34
0	1	0	35
0	1	0	36
0	1	0	37
0	1	0	38
0	1	0	39
0	1	0	40
0	1	0	41
0	1	0	42
0	1	0	43
0	1	0	44
0	1	0	45
0	1	0	46
0	1	0	47
0	1	0	48
0	1	0	49
0	1	0	50
0	1	0	51
0	1	0	52
0	1	0	53
0	1	0	54
0	1	0	55
0	1	0	56
0	1	0	57
0	1	0	58
0	1	0	59
0	1	0	60
0	1	0	61
0	1	0	62
0	1	0	63
0	1	0	64
0	1	0	65
0	1	0	66
0	1	0	67
0	1	0	68
0	1	0	69
0	1	0	70
0	1	0	71
0	1	0	72
0	1	0	73
0	1	0	74
0	1	0	75
0	1	0	76
0	1	0	77
0	1	0	78
0	1	0	79
0	1	0	80
0	1	0	81
0	1	0	82
0	1	0	83
0	1	0	84
0	1	0	85
0	1	0	86
0	1	0	87
0	1	0	88
0	1	0	89
0	1	0	90
0	1	0	91
0	1	0	92
0	1	0	93
0	1	0	94
0	1	0	95
0	1	0	96
0	1	0	97
0	1	0	98
0	1	0	99
0	1	0	100
0	1	0	101
0	1	0	102
0	1	0	103
0	1	0	104
0	1	0	105
0	1	0	106
0	1	0	107
0	1	0	108
0	1	0	109
0	1	0	110
0	1	0	111
0	1	0	112
0	1	0	113
0	1	0	114
0	1	0	115
0	1	0	116
0	1	0	117
0	1	0	118
0	1	0	119
0	1	0	120
0	1	0	121
0	1	0	122
0	1	0	123
0	1	0	124
0	1	0	125
0	1	0	126
0	1	0	127
0	1	1	0
0	1	1	1
0	1	1	2
0	1	1	3
0	1	1	4
0	1	1	5
0	1	1	6
0	1	1	7
0	1	1	8
0	1	1	9
0	1	1	10
0	1	1	11
0	1	1	12
0	1	1	13
0	1	1	14
0	1	1	15
0	1	1	16
0	1	1	17
0	1	1	18
0	1	1	19
0	1	1	20
0	1	1	21
0	1	1	22
0	1	1	23
0	1	1	24
0	1	1	25
0	1	1	26
0	1	1	27
0	1	1	28
0	1	1	29
0	1	1	30
0	1	1	31
0	1	1	32
0	1	1	33
0	1	1	34
0	1	1	35
0	1	1	36
0	1	1	37
0	1	1	38
0	1	1	39
0	1	1	40
0	1	1	41
0	1	1	42
0	1	1	43
0	1	1	44
0	1	1	45
0	1	1	46
0	1	1	47
0	1	1	48
0	1	1	49
0	1	1	50
0	1	1	51
0	1	1	52
0	1	1	53
0	1	1	54
0	1	1	55
0	1	1	56
0	1	1	57
0	1	1	58
0	1	1	59
0	1	1	60
0	1	1	61
0	1	1	62
0	1	1	63
0	1	1	64
0	1	1	65
0	1	1	66
0	1	1	67
0	1	1	68
0	1	1	69
0	1	1	70
0	1	1	71
0	1	1	72
0	1	1	73
0	1	1	74
0	1	1	75
0	1	1	76
0	1	1	77
0	1	1	78
0	1	1	79
0	1	1	80
0	1	1	81
0	1	1	82
0	1	1	83
0	1	1	84
0	1	1	85
0	1	1	86
0	1	1	87
0	1	1	88
0	1	1	89
0	1	1	90
0	1	1	91
0	1	1	92
0	1	1	93
0	1	1	94
0	1	1	95
0	1	1	96
0	1	1	97
0	1	1	98
0	1	1	99
0	1	1	100
0	1	1	101
0	1	1	102
0	1	1	103
0	1	1	104
0	1	1	105
0	1	1	106
0	1	1	107
0	1	1	108
0	1	1	109
0	1	1	110
0	1	1	111
0	1	1	112
0	1	1	113
0	1	1	114
0	1	1	115
0	1	1	116
0	1	1	117
0	1	1	118
0	1	1	119
0	1	1	120
0	1	1	121
0	1	1	122
0	1	1	123
0	1	1	124
0	1	1	125
0	1	1	126
0	1	1	127
0	1	2	0
0	1	2	1
0	1	2	2
0	1	2	3
0	1	2	4
0	1	2	5
0	1	2	6
0	1	2	7
0	1	2	8
0	1	2	9
0	1	2	10
0	1	2	11
0	1	2	12
0	1	2	13
0	1	2	14
0	1	2	15
0	1	2	16
0	1	2	17
0	1	2	18
0	1	2	19
0	1	2	20
0	1	2	21
0	1	2	22
0	1	2	23
0	1	2	24
0	1	2	25
0	1	2	26
0	1	2	27
0	1	2	28
0	1	2	29
0	1	2	30
0	1	2	31
0	1	2	32
0	1	2	33
0	1	2	34
0	1	2	35
0	1	2	36
0	1	2	37
0	1	2	38
0	1	2	39
0	1	2	40
0	1	2	41
0	1	2	42
0	1	2	43
0	1	2	44
0	1	2	45
0	1	2	46
0	1	2	47
0	1	2	48
0	1	2	49
0	1	2	50
0	1	2	51
0	1	2	52
0	1	2	53
0	1	2	54
0	1	2	55
0	1	2	56
0	1	2	57
0	1	2	58
0	1	2	59
0	1	2	60
0	1	2	61
0	1	2	62
0	1	2	63
0	1	2	64
0	1	2	65
0	1	2	66
0	1	2	67
0	1	2	68
0	1	2	69
0	1	2	70
0	1	2	71
0	1	2	72
0	1	2	73
0	1	2	74
0	1	2	75
0	1	2	76
0	1	2	77
0	1	2	78
0	1	2	79
0	1	2	80
0	1	2	81
0	1	2	82
0	1	2	83
0	1	2	84
0	1	2	85
0	1	2	86
0	1	2	87
0	1	2	88
0	1	2	89
0	1	2	90
0	1	2	91
0	1	2	92
0	1	2	93
0	1	2	94
0	1	2	95
0	1	2	96
0	1	2	97
0	1	2	98
0	1	2	99
0	1	2	100
0	1	2	101
0	1	2	102
0	1	2	103
0	1	2	104
0	1	2	105
0	1	2	106
0	1	2	107
0	1	2	108
0	1	2	109
0	1	2	110
0	1	2	111
0	1	2	112
0	1	2	113
0	1	2	114
0	1	2	115
0	1	2	116
0	1	2	117
0	1	2	118
0	1	2	119
0	1	2	120
0	1	2	121
0	1	2	122
0	1	2	123
0	1	2	124
0	1	2	125
0	1	2	126
0	1	2	127
0	1	3	0
0	1	3	1
0	1	3	2
0	1	3	3
0	1	3	4
0	1	3	5
0	1	3	6
0	1	3	7
0	1	3	8
0	1	3	9
0	1	3	10
0	1	3	11
0	1	3	12
0	1	3	13
0	1	3	14
0	1	3	15
0	1	3	16
0	1	3	17
0	1	3	18
0	1	3	19
0	1	3	20
0	1	3	21
0	1	3	22
0	1	3	23
0	1	3	24
0	1	3	25
0	1	3	26
0	1	3	27
0	1	3	28
0	1	3	29
0	1	3	30
0	1	3	31
0	1	3	32
0	1	3	33
0	1	3	34
0	1	3	35
0	1	3	36
0	1	3	37
0	1	3	38
0	1	3	39
0	1	3	40
0	1	3	41
0	1	3	42
0	1	3	43
0	1	3	44
0	1	3	45
0	1	3	46
0	1	3	47
0	1	3	48
0	1	3	49
0	1	3	50
0	1	3	51
0	1	3	52
0	1	3	53
0	1	3	54
0	1	3	55
0	1	3	56
0	1	3	57
0	1	3	58
0	1	3	59
0	1	3	60
0	1	3	61
0	1	3	62
0	1	3	63
0	1	3	64
0	1	3	65
0	1	3	66
0	1	3	67
0	1	3	68
0	1	3	69
0	1	3	70
0	1	3	71
0	1	3	72
0	1	3	73
0	1	3	74
0	1	3	75
0	1	3	76
0	1	3	77
0	1	3	78
0	1	3	79
0	1	3	80
0	1	3	81
0	1	3	82
0	1	3	83
0	1	3	84
0	1	3	85
0	1	3	86
0	1	3	87
0	1	3	88
0	1	3	89
0	1	3	90
0	1	3	91
0	1	3	92
0	1	3	93
0	1	3	94
0	1	3	95
0	1	3	96
0	1	3	97
0	1	3	98
0	1	3	99
0	1	3	100
0	1	3	101
0	1	3	102
0	1	3	103
0	1	3	104
0	1	3	105
0	1	3	106
0	1	3	107
0	1	3	108
0	1	3	109
0	1	3	110
0	1	3	111
0	1	3	112
0	1	3	113
0	1	3	114
0	1	3	115
0	1	3	116
0	1	3	117
0	1	3	118
0	1	3	119
0	1	3	120
0	1	3	121
0	1	3	122
0	1	3	123
0	1	3	124
0	1	3	125
0	1	3	126
0	1	3	127
0	1	4	0
0	1	4	1
0	1	4	2
0	1	4	3
0	1	4	4
0	1	4	5
0	1	4	6
0	1	4	7
0	1	4	8
0	1	4	9
0	1	4	10
0	1	4	11
0	1	4	12
0	1	4	13
0	1	4	14
0	1	4	15
0	1	4	16
0	1	4	17
0	1	4	18
0	1	4	19
0	1	4	20
0	1	4	21
0	1	4	22
0	1	4	23
0	1	4	24
0	1	4	25
0	1	4	26
0	1	4	27
0	1	4	28
0	1	4	29
0	1	4	30
0	1	4	31
0	1	4	32
0	1	4	33
0	1	4	34
0	1	4	35
0	1	4	36
0	1	4	37
0	1	4	38
0	1	4	39
0	1	4	40
0	1	4	41
0	1	4	42
0	1	4	43
0	1	4	44
0	1	4	45
0	1	4	46
0	1	4	47
0	1	4	48
0	1	4	49
0	1	4	50
0	1	4	51
0	1	4	52
0	1	4	53
0	1	4	54
0	1	4	55
0	1	4	56
0	1	4	57
0	1	4	58
0	1	4	59
0	1	4	60
0	1	4	61
0	1	4	62
0	1	4	63
0	1	4	64
0	1	4	65
0	1	4	66
0	1	4	67
0	1	4	68
0	1	4	69
0	1	4	70
0	1	4	71
0	1	4	72
0	1	4	73
0	1	4	74
0	1	4	75
0	1	4	76
0	1	4	77
0	1	4	78
0	1	4	79
0	1	4	80
0	1	4	81
0	1	4	82
0	1	4	83
0	1	4	84
0	1	4	85
0	1	4	86
0	1	4	87
0	1	4	88
0	1	4	89
0	1	4	90
0	1	4	91
0	1	4	92
0	1	4	93
0	1	4	94
0	1	4	95
0	1	4	96
0	1	4	97
0	1	4	98
0	1	4	99
0	1	4	100
0	1	4	101
0	1	4	102
0	1	4	103
0	1	4	104
0	1	4	105
0	1	4	106
0	1	4	107
0	1	4	108
0	1	4	109
0	1	4	110
0	1	4	111
0	1	4	112
0	1	4	113
0	1	4	114
0	1	4	115
0	1	4	116
0	1	4	117
0	1	4	118
0	1	4	119
0	1	4	120
0	1	4	121
0	1	4	122
0	1	4	123
0	1	4	124
0	1	4	125
0	1	4	126
0	1	4	127
0	1	5	0
0	1	5	1
0	1	5	2
0	1	5	3
0	1	5	4
0	1	5	5
0	1	5	6
0	1	5	7
0	1	5	8
0	1	5	9
0	1	5	10
0	1	5	11
0	1	5	12
0	1	5	13
0	1	5	14
0	1	5	15
0	1	5	16
0	1	5	17
0	1	5	18
0	1	5	19
0	1	5	20
0	1	5	21
0	1	5	22
0	1	5	23
0	1	5	24
0	1	5	25
0	1	5	26
0	1	5	27
0	1	5	28
0	1	5	29
0	1	5	30
0	1	5	31
0	1	5	32
0	1	5	33
0	1	5	34
0	1	5	35
0	1	5	36
0	1	5	37
0	1	5	38
0	1	5	39
0	1	5	40
0	1	5	41
0	1	5	42
0	1	5	43
0	1	5	44
0	1	5	45
0	1	5	46
0	1	5	47
0	1	5	48
0	1	5	49
0	1	5	50
0	1	5	51
0	1	5	52
0	1	5	53
0	1	5	54
0	1	5	55
0	1	5	56
0	1	5	57
0	1	5	58
0	1	5	59
0	1	5	60
0	1	5	61
0	1	5	62
0	1	5	63
0	1	5	64
0	1	5	65
0	1	5	66
0	1	5	67
0	1	5	68
0	1	5	69
0	1	5	70
0	1	5	71
0	1	5	72
0	1	5	73
0	1	5	74
0	1	5	75
0	1	5	76
0	1	5	77
0	1	5	78
0	1	5	79
0	1	5	80
0	1	5	81
0	1	5	82
0	1	5	83
0	1	5	84
0	1	5	85
0	1	5	86
0	1	5	87
0	1	5	88
0	1	5	89
0	1	5	90
0	1	5	91
0	1	5	92
0	1	5	93
0	1	5	94
0	1	5	95
0	1	5	96
0	1	5	97
0	1	5	98
0	1	5	99
0	1	5	100
0	1	5	101
0	1	5	102
0	1	5	103
0	1	5	104
0	1	5	105
0	1	5	106
0	1	5	107
0	1	5	108
0	1	5	109
0	1	5	110
0	1	5	111
0	1	5	112
0	1	5	113
0	1	5	114
0	1	5	115
0	1	5	116
0	1	5	117
0	1	5	118
0	1	5	119
0	1	5	120
0	1	5	121
0	1	5	122
0	1	5	123
0	1	5	124
0	1	5	125
0	1	5	126
0	1	5	127
0	1	6	0
0	1	6	1
0	1	6	2
0	1	6	3
0	1	6	4
0	1	6	5
0	1	6	6
0	1	6	7
0	1	6	8
0	1	6	9
0	1	6	10
0	1	6	11
0	1	6	12
0	1	6	13
0	1	6	14
0	1	6	15
0	1	6	16
0	1	6	17
0	1	6	18
0	1	6	19
0	1	6	20
0	1	6	21
0	1	6	22
0	1	6	23
0	1	6	24
0	1	6	25
0	1	6	26
0	1	6	27
0	1	6	28
0	1	6	29
0	1	6	30
0	1	6	31
0	1	6	32
0	1	6	33
0	1	6	34
0	1	6	35
0	1	6	36
0	1	6	37
0	1	6	38
0	1	6	39
0	1	6	40
0	1	6	41
0	1	6	42
0	1	6	43
0	1	6	44
0	1	6	45
0	1	6	46
0	1	6	47
0	1	6	48
0	1	6	49
0	1	6	50
0	1	6	51
0	1	6	52
0	1	6	53
0	1	6	54
0	1	6	55
0	1	6	56
0	1	6	57
0	1	6	58
0	1	6	59
0	1	6	60
0	1	6	61
0	1	6	62
0	1	6	63
0	1	6	64
0	1	6	65
0	1	6	66
0	1	6	67
0	1	6	68
0	1	6	69
0	1	6	70
0	1	6	71
0	1	6	72
0	1	6	73
0	1	6	74
0	1	6	75
0	1	6	76
0	1	6	77
0	1	6	78
0	1	6	79
0	1	6	80
0	1	6	81
0	1	6	82
0	1	6	83
0	1	6	84
0	1	6	85
0	1	6	86
0	1	6	87
0	1	6	88
0	1	6	89
0	1	6	90
0	1	6	91
0	1	6	92
0	1	6	93
0	1	6	94
0	1	6	95
0	1	6	96
0	1	6	97
0	1	6	98
0	1	6	99
0	1	6	100
0	1	6	101
0	1	6	102
0	1	6	103
0	1	6	104
0	1	6	105
0	1	6	106
0	1	6	107
0	1	6	108
0	1	6	109
0	1	6	110
0	1	6	111
0	1	6	112
0	1	6	113
0	1	6	114
0	1	6	115
0	1	6	116
0	1	6	117
0	1	6	118
0	1	6	119
0	1	6	120
0	1	6	121
0	1	6	122
0	1	6	123
0	1	6	124
0	1	6	125
0	1	6	126
0	1	6	127
0	1	7	0
0	1	7	1
0	1	7	2
0	1	7	3
0	1	7	4
0	1	7	5
0	1	7	6
0	1	7	7
0	1	7	8
0	1	7	9
0	1	7	10
0	1	7	11
0	1	7	12
0	1	7	13
0	1	7	14
0	1	7	15
0	1	7	16
0	1	7	17
0	1	7	18
0	1	7	19
0	1	7	20
0	1	7	21
0	1	7	22
0	1	7	23
0	1	7	24
0	1	7	25
0	1	7	26
0	1	7	27
0	1	7	28
0	1	7	29
0	1	7	30
0	1	7	31
0	1	7	32
0	1	7	33
0	1	7	34
0	1	7	35
0	1	7	36
0	1	7	37
0	1	7	38
0	1	7	39
0	1	7	40
0	1	7	41
0	1	7	42
0	1	7	43
0	1	7	44
0	1	7	45
0	1	7	46
0	1	7	47
0	1	7	48
0	1	7	49
0	1	7	50
0	1	7	51
0	1	7	52
0	1	7	53
0	1	7	54
0	1	7	55
0	1	7	56
0	1	7	57
0	1	7	58
0	1	7	59
0	1	7	60
0	1	7	61
0	1	7	62
0	1	7	63
0	1	7	64
0	1	7	65
0	1	7	66
0	1	7	67
0	1	7	68
0	1	7	69
0	1	7	70
0	1	7	71
0	1	7	72
0	1	7	73
0	1	7	74
0	1	7	75
0	1	7	76
0	1	7	77
0	1	7	78
0	1	7	79
0	1	7	80
0	1	7	81
0	1	7	82
0	1	7	83
0	1	7	84
0	1	7	85
0	1	7	86
0	1	7	87
0	1	7	88
0	1	7	89
0	1	7	90
0	1	7	91
0	1	7	92
0	1	7	93
0	1	7	94
0	1	7	95
0	1	7	96
0	1	7	97
0	1	7	98
0	1	7	99
0	1	7	100
0	1	7	101
0	1	7	102
0	1	7	103
0	1	7	104
0	1	7	105
0	1	7	106
0	1	7	107
0	1	7	108
0	1	7	109
0	1	7	110
0	1	7	111
0	1	7	112
0	1	7	113
0	1	7	114
0	1	7	115
0	1	7	116
0	1	7	117
0	1	7	118
0	1	7	119
0	1	7	120
0	1	7	121
0	1	7	122
0	1	7	123
0	1	7	124
0	1	7	125
0	1	7	126
0	1	7	127
0	1	8	0
0	1	8	1
0	1	8	2
0	1	8	3
0	1	8	4
0	1	8	5
0	1	8	6
0	1	8	7
0	1	8	8
0	1	8	9
0	1	8	10
0	1	8	11
0	1	8	12
0	1	8	13
0	1	8	14
0	1	8	15
0	1	8	16
0	1	8	17
0	1	8	18
0	1	8	19
0	1	8	20
0	1	8	21
0	1	8	22
0	1	8	23
0	1	8	24
0	1	8	25
0	1	8	26
0	1	8	27
0	1	8	28
0	1	8	29
0	1	8	30
0	1	8	31
0	1	8	32
0	1	8	33
0	1	8	34
0	1	8	35
0	1	8	36
0	1	8	37
0	1	8	38
0	1	8	39
0	1	8	40
0	1	8	41
0	1	8	42
0	1	8	43
0	1	8	44
0	1	8	45
0	1	8	46
0	1	8	47
0	1	8	48
0	1	8	49
0	1	8	50
0	1	8	51
0	1	8	52
0	1	8	53
0	1	8	54
0	1	8	55
0	1	8	56
0	1	8	57
0	1	8	58
0	1	8	59
0	1	8	60
0	1	8	61
0	1	8	62
0	1	8	63
0	1	8	64
0	1	8	65
0	1	8	66
0	1	8	67
0	1	8	68
0	1	8	69
0	1	8	70
0	1	8	71
0	1	8	72
0	1	8	73
0	1	8	74
0	1	8	75
0	1	8	76
0	1	8	77
0	1	8	78
0	1	8	79
0	1	8	80
0	1	8	81
0	1	8	82
0	1	8	83
0	1	8	84
0	1	8	85
0	1	8	86
0	1	8	87
0	1	8	88
0	1	8	89
0	1	8	90
0	1	8	91
0	1	8	92
0	1	8	93
0	1	8	94
0	1	8	95
0	1	8	96
0	1	8	97
0	1	8	98
0	1	8	99
0	1	8	100
0	1	8	101
0	1	8	102
0	1	8	103
0	1	8	104
0	1	8	105
0	1	8	106
0	1	8	107
0	1	8	108
0	1	8	109
0	1	8	110
0	1	8	111
0	1	8	112
0	1	8	113
0	1	8	114
0	1	8	115
0	1	8	116
0	1	8	117
0	1	8	118
0	1	8	119
0	1	8	120
0	1	8	121
0	1	8	122
0	1	8	123
0	1	8	124
0	1	8	125
0	1	8	126
0	1	8	127
0	1	9	0
0	1	9	1
0	1	9	2
0	1	9	3
0	1	9	4
0	1	9	5
0	1	9	6
0	1	9	7
0	1	9	8
0	1	9	9
0	1	9	10
0	1	9	11
0	1	9	12
0	1	9	13
0	1	9	14
0	1	9	15
0	1	9	16
0	1	9	17
0	1	9	18
0	1	9	19
0	1	9	20
0	1	9	21
0	1	9	22
0	1	9	23
0	1	9	24
0	1	9	25
0	1	9	26
0	1	9	27
0	1	9	28
0	1	9	29
0	1	9	30
0	1	9	31
0	1	9	32
0	1	9	33
0	1	9	34
0	1	9	35
0	1	9	36
0	1	9	37
0	1	9	38
0	1	9	39
0	1	9	40
0	1	9	41
0	1	9	42
0	1	9	43
0	1	9	44
0	1	9	45
0	1	9	46
0	1	9	47
0	1	9	48
0	1	9	49
0	1	9	50
0	1	9	51
0	1	9	52
0	1	9	53
0	1	9	54
0	1	9	55
0	1	9	56
0	1	9	57
0	1	9	58
0	1	9	59
0	1	9	60
0	1	9	61
0	1	9	62
0	1	9	63
0	1	9	64
0	1	9	65
0	1	9	66
0	1	9	67
0	1	9	68
0	1	9	69
0	1	9	70
0	1	9	71
0	1	9	72
0	1	9	73
0	1	9	74
0	1	9	75
0	1	9	76
0	1	9	77
0	1	9	78
0	1	9	79
0	1	9	80
0	1	9	81
0	1	9	82
0	1	9	83
0	1	9	84
0	1	9	85
0	1	9	86
0	1	9	87
0	1	9	88
0	1	9	89
0	1	9	90
0	1	9	91
0	1	9	92
0	1	9	93
0	1	9	94
0	1	9	95
0	1	9	96
0	1	9	97
0	1	9	98
0	1	9	99
0	1	9	100
0	1	9	101
0	1	9	102
0	1	9	103
0	1	9	104
0	1	9	105
0	1	9	106
0	1	9	107
0	1	9	108
0	1	9	109
0	1	9	110
0	1	9	111
0	1	9	112
0	1	9	113
0	1	9	114
0	1	9	115
0	1	9	116
0	1	9	117
0	1	9	118
0	1	9	119
0	1	9	120
0	1	9	121
0	1	9	122
0	1	9	123
0	1	9	124
0	1	9	125
0	1	9	126
0	1	9	127
0	1	10	0
0	1	10	1
0	1	10	2
0	1	10	3
0	1	10	4
0	1	10	5
0	1	10	6
0	1	10	7
0	1	10	8
0	1	10	9
0	1	10	10
0	1	10	11
0	1	10	12
0	1	10	13
0	1	10	14
0	1	10	15
0	1	10	16
0	1	10	17
0	1	10	18
0	1	10	19
0	1	10	20
0	1	10	21
0	1	10	22
0	1	10	23
0	1	10	24
0	1	10	25
0	1	10	26
0	1	10	27
0	1	10	28
0	1	10	29
0	1	10	30
0	1	10	31
0	1	10	32
0	1	10	33
0	1	10	34
0	1	10	35
0	1	10	36
0	1	10	37
0	1	10	38
0	1	10	39
0	1	10	40
0	1	10	41
0	1	10	42
0	1	10	43
0	1	10	44
0	1	10	45
0	1	10	46
0	1	10	47
0	1	10	48
0	1	10	49
0	1	10	50
0	1	10	51
0	1	10	52
0	1	10	53
0	1	10	54
0	1	10	55
0	1	10	56
0	1	10	57
0	1	10	58
0	1	10	59
0	1	10	60
0	1	10	61
0	1	10	62
0	1	10	63
0	1	10	64
0	1	10	65
0	1	10	66
0	1	10	67
0	1	10	68
0	1	10	69
0	1	10	70
0	1	10	71
0	1	10	72
0	1	10	73
0	1	10	74
0	1	10	75
0	1	10	76
0	1	10	77
0	1	10	78
0	1	10	79
0	1	10	80
0	1	10	81
0	1	10	82
0	1	10	83
0	1	10	84
0	1	10	85
0	1	10	86
0	1	10	87
0	1	10	88
0	1	10	89
0	1	10	90
0	1	10	91
0	1	10	92
0	1	10	93
0	1	10	94
0	1	10	95
0	1	10	96
0	1	10	97
0	1	10	98
0	1	10	99
0	1	10	100
0	1	10	101
0	1	10	102
0	1	10	103
0	1	10	104
0	1	10	105
0	1	10	106
0	1	10	107
0	1	10	108
0	1	10	109
0	1	10	110
0	1	10	111
0	1	10	112
0	1	10	113
0	1	10	114
0	1	10	115
0	1	10	116
0	1	10	117
0	1	10	118
0	1	10	119
0	1	10	120
0	1	10	121
0	1	10	122
0	1	10	123
0	1	10	124
0	1	10	125
0	1	10	126
0	1	10	127
0	1	11	0
0	1	11	1
0	1	11	2
0	1	11	3
0	1	11	4
0	1	11	5
0	1	11	6
0	1	11	7
0	1	11	8
0	1	11	9
0	1	11	10
0	1	11	11
0	1	11	12
0	1	11	13
0	1	11	14
0	1	11	15
0	1	11	16
0	1	11	17
0	1	11	18
0	1	11	19
0	1	11	20
0	1	11	21
0	1	11	22
0	1	11	23
0	1	11	24
0	1	11	25
0	1	11	26
0	1	11	27
0	1	11	28
0	1	11	29
0	1	11	30
0	1	11	31
0	1	11	32
0	1	11	33
0	1	11	34
0	1	11	35
0	1	11	36
0	1	11	37
0	1	11	38
0	1	11	39
0	1	11	40
0	1	11	41
0	1	11	42
0	1	11	43
0	1	11	44
0	1	11	45
0	1	11	46
0	1	11	47
0	1	11	48
0	1	11	49
0	1	11	50
0	1	11	51
0	1	11	52
0	1	11	53
0	1	11	54
0	1	11	55
0	1	11	56
0	1	11	57
0	1	11	58
0	1	11	59
0	1	11	60
0	1	11	61
0	1	11	62
0	1	11	63
0	1	11	64
0	1	11	65
0	1	11	66
0	1	11	67
0	1	11	68
0	1	11	69
0	1	11	70
0	1	11	71
0	1	11	72
0	1	11	73
0	1	11	74
0	1	11	75
0	1	11	76
0	1	11	77
0	1	11	78
0	1	11	79
0	1	11	80
0	1	11	81
0	1	11	82
0	1	11	83
0	1	11	84
0	1	11	85
0	1	11	86
0	1	11	87
0	1	11	88
0	1	11	89
0	1	11	90
0	1	11	91
0	1	11	92
0	1	11	93
0	1	11	94
0	1	11	95
0	1	11	96
0	1	11	97
0	1	11	98
0	1	11	99
0	1	11	100
0	1	11	101
0	1	11	102
0	1	11	103
0	1	11	104
0	1	11	105
0	1	11	106
0	1	11	107
0	1	11	108
0	1	11	109
0	1	11	110
0	1	11	111
0	1	11	112
0	1	11	113
0	1	11	114
0	1	11	115
0	1	11	116
0	1	11	117
0	1	11	118
0	1	11	119
0	1	11	120
0	1	11	121
0	1	11	122
0	1	11	123
0	1	11	124
0	1	11	125
0	1	11	126
0	1	11	127
0	1	12	0
0	1	12	1
0	1	12	2
0	1	12	3
0	1	12	4
0	1	12	5
0	1	12	6
0	1	12	7
0	1	12	8
0	1	12	9
0	1	12	10
0	1	12	11
0	1	12	12
0	1	12	13
0	1	12	14
0	1	12	15
0	1	12	16
0	1	12	17
0	1	12	18
0	1	12	19
0	1	12	20
0	1	12	21
0	1	12	22
0	1	12	23
0	1	12	24
0	1	12	25
0	1	12	26
0	1	12	27
0	1	12	28
0	1	12	29
0	1	12	30
0	1	12	31
0	1	12	32
0	1	12	33
0	1	12	34
0	1	12	35
0	1	12	36
0	1	12	37
0	1	12	38
0	1	12	39
0	1	12	40
0	1	12	41
0	1	12	42
0	1	12	43
0	1	12	44
0	1	12	45
0	1	12	46
0	1	12	47
0	1	12	48
0	1	12	49
0	1	12	50
0	1	12	51
0	1	12	52
0	1	12	53
0	1	12	54
0	1	12	55
0	1	12	56
0	1	12	57
0	1	12	58
0	1	12	59
0	1	12	60
0	1	12	61
0	1	12	62
0	1	12	63
0	1	12	64
0	1	12	65
0	1	12	66
0	1	12	67
0	1	12	68
0	1	12	69
0	1	12	70
0	1	12	71
0	1	12	72
0	1	12	73
0	1	12	74
0	1	12	75
0	1	12	76
0	1	12	77
0	1	12	78
0	1	12	79
0	1	12	80
0	1	12	81
0	1	12	82
0	1	12	83
0	1	12	84
0	1	12	85
0	1	12	86
0	1	12	87
0	1	12	88
0	1	12	89
0	1	12	90
0	1	12	91
0	1	12	92
0	1	12	93
0	1	12	94
0	1	12	95
0	1	12	96
0	1	12	97
0	1	12	98
0	1	12	99
0	1	12	100
0	1	12	101
0	1	12	102
0	1	12	103
0	1	12	104
0	1	12	105
0	1	12	106
0	1	12	107
0	1	12	108
0	1	12	109
0	1	12	110
0	1	12	111
0	1	12	112
0	1	12	113
0	1	12	114
0	1	12	115
0	1	12	116
0	1	12	117
0	1	12	118
0	1	12	119
0	1	12	120
0	1	12	121
0	1	12	122
0	1	12	123
0	1	12	124
0	1	12	125
0	1	12	126
0	1	12	127
0	1	13	0
0	1	13	1
0	1	13	2
0	1	13	3
0	1	13	4
0	1	13	5
0	1	13	6
0	1	13	7
0	1	13	8
0	1	13	9
0	1	13	10
0	1	13	11
0	1	13	12
0	1	13	13
0	1	13	14
0	1	13	15
0	1	13	16
0	1	13	17
0	1	13	18
0	1	13	19
0	1	13	20
0	1	13	21
0	1	13	22
0	1	13	23
0	1	13	24
0	1	13	25
0	1	13	26
0	1	13	27
0	1	13	28
0	1	13	29
0	1	13	30
0	1	13	31
0	1	13	32
0	1	13	33
0	1	13	34
0	1	13	35
0	1	13	36
0	1	13	37
0	1	13	38
0	1	13	39
0	1	13	40
0	1	13	41
0	1	13	42
0	1	13	43
0	1	13	44
0	1	13	45
0	1	13	46
0	1	13	47
0	1	13	48
0	1	13	49
0	1	13	50
0	1	13	51
0	1	13	52
0	1	13	53
0	1	13	54
0	1	13	55
0	1	13	56
0	1	13	57
0	1	13	58
0	1	13	59
0	1	13	60
0	1	13	61
0	1	13	62
0	1	13	63
0	1	13	64
0	1	13	65
0	1	13	66
0	1	13	67
0	1	13	68
0	1	13	69
0	1	13	70
0	1	13	71
0	1	13	72
0	1	13	73
0	1	13	74
0	1	13	75
0	1	13	76
0	1	13	77
0	1	13	78
0	1	13	79
0	1	13	80
0	1	13	81
0	1	13	82
0	1	13	83
0	1	13	84
0	1	13	85
0	1	13	86
0	1	13	87
0	1	13	88
0	1	13	89
0	1	13	90
0	1	13	91
0	1	13	92
0	1	13	93
0	1	13	94
0	1	13	95
0	1	13	96
0	1	13	97
0	1	13	98
0	1	13	99
0	1	13	100
0	1	13	101
0	1	13	102
0	1	13	103
0	1	13	104
0	1	13	105
0	1	13	106
0	1	13	107
0	1	13	108
0	1	13	109
0	1	13	110
0	1	13	111
0	1	13	112
0	1	13	113
0	1	13	114
0	1	13	115
0	1	13	116
0	1	13	117
0	1	13	118
0	1	13	119
0	1	13	120
0	1	13	121
0	1	13	122
0	1	13	123
0	1	13	124
0	1	13	125
0	1	13	126
0	1	13	127
0	1	14	0
0	1	14	1
0	1	14	2
0	1	14	3
0	1	14	4
0	1	14	5
0	1	14	6
0	1	14	7
0	1	14	8
0	1	14	9
0	1	14	10
0	1	14	11
0	1	14	12
0	1	14	13
0	1	14	14
0	1	14	15
0	1	14	16
0	1	14	17
0	1	14	18
0	1	14	19
0	1	14	20
0	1	14	21
0	1	14	22
0	1	14	23
0	1	14	24
0	1	14	25
0	1	14	26
0	1	14	27
0	1	14	28
0	1	14	29
0	1	14	30
0	1	14	31
0	1	14	32
0	1	14	33
0	1	14	34
0	1	14	35
0	1	14	36
0	1	14	37
0	1	14	38
0	1	14	39
0	1	14	40
0	1	14	41
0	1	14	42
0	1	14	43
0	1	14	44
0	1	14	45
0	1	14	46
0	1	14	47
0	1	14	48
0	1	14	49
0	1	14	50
0	1	14	51
0	1	14	52
0	1	14	53
0	1	14	54
0	1	14	55
0	1	14	56
0	1	14	57
0	1	14	58
0	1	14	59
0	1	14	60
0	1	14	61
0	1	14	62
0	1	14	63
0	1	14	64
0	1	14	65
0	1	14	66
0	1	14	67
0	1	14	68
0	1	14	69
0	1	14	70
0	1	14	71
0	1	14	72
0	1	14	73
0	1	14	74
0	1	14	75
0	1	14	76
0	1	14	77
0	1	14	78
0	1	14	79
0	1	14	80
0	1	14	81
0	1	14	82
0	1	14	83
0	1	14	84
0	1	14	85
0	1	14	86
0	1	14	87
0	1	14	88
0	1	14	89
0	1	14	90
0	1	14	91
0	1	14	92
0	1	14	93
0	1	14	94
0	1	14	95
0	1	14	96
0	1	14	97
0	1	14	98
0	1	14	99
0	1	14	100
0	1	14	101
0	1	14	102
0	1	14	103
0	1	14	104
0	1	14	105
0	1	14	106
0	1	14	107
0	1	14	108
0	1	14	109
0	1	14	110
0	1	14	111
0	1	14	112
0	1	14	113
0	1	14	114
0	1	14	115
0	1	14	116
0	1	14	117
0	1	14	118
0	1	14	119
0	1	14	120
0	1	14	121
0	1	14	122
0	1	14	123
0	1	14	124
0	1	14	125
0	1	14	126
0	1	14	127
0	1	15	0
0	1	15	1
0	1	15	2
0	1	15	3
0	1	15	4
0	1	15	5
0	1	15	6
0	1	15	7
0	1	15	8
0	1	15	9
0	1	15	10
0	1	15	11
0	1	15	12
0	1	15	13
0	1	15	14
0	1	15	15
0	1	15	16
0	1	15	17
0	1	15	18
0	1	15	19
0	1	15	20
0	1	15	21
0	1	15	22
0	1	15	23
0	1	15	24
0	1	15	25
0	1	15	26
0	1	15	27
0	1	15	28
0	1	15	29
0	1	15	30
0	1	15	31
0	1	15	32
0	1	15	33
0	1	15	34
0	1	15	35
0	1	15	36
0	1	15	37
0	1	15	38
0	1	15	39
0	1	15	40
0	1	15	41
0	1	15	42
0	1	15	43
0	1	15	44
0	1	15	45
0	1	15	46
0	1	15	47
0	1	15	48
0	1	15	49
0	1	15	50
0	1	15	51
0	1	15	52
0	1	15	53
0	1	15	54
0	1	15	55
0	1	15	56
0	1	15	57
0	1	15	58
0	1	15	59
0	1	15	60
0	1	15	61
0	1	15	62
0	1	15	63
0	1	15	64
0	1	15	65
0	1	15	66
0	1	15	67
0	1	15	68
0	1	15	69
0	1	15	70
0	1	15	71
0	1	15	72
0	1	15	73
0	1	15	74
0	1	15	75
0	1	15	76
0	1	15	77
0	1	15	78
0	1	15	79
0	1	15	80
0	1	15	81
0	1	15	82
0	1	15	83
0	1	15	84
0	1	15	85
0	1	15	86
0	1	15	87
0	1	15	88
0	1	15	89
0	1	15	90
0	1	15	91
0	1	15	92
0	1	15	93
0	1	15	94
0	1	15	95
0	1	15	96
0	1	15	97
0	1	15	98
0	1	15	99
0	1	15	100
0	1	15	101
0	1	15	102
0	1	15	103
0	1	15	104
0	1	15	105
0	1	15	106
0	1	15	107
0	1	15	108
0	1	15	109
0	1	15	110
0	1	15	111
0	1	15	112
0	1	15	113
0	1	15	114
0	1	15	115
0	1	15	116
0	1	15	117
0	1	15	118
0	1	15	119
0	1	15	120
0	1	15	121
0	1	15	122
0	1	15	123
0	1	15	124
0	1	15	125
0	1	15	126
0	1	15	127
0	1	16	0
0	1	16	1
0	1	16	2
0	1	16	3
0	1	16	4
0	1	16	5
0	1	16	6
0	1	16	7
0	1	16	8
0	1	16	9
0	1	16	10
0	1	16	11
0	1	16	12
0	1	16	13
0	1	16	14
0	1	16	15
0	1	16	16
0	1	16	17
0	1	16	18
0	1	16	19
0	1	16	20
0	1	16	21
0	1	16	22
0	1	16	23
0	1	16	24
0	1	16	25
0	1	16	26
0	1	16	27
0	1	16	28
0	1	16	29
0	1	16	30
0	1	16	31
0	1	16	32
0	1	16	33
0	1	16	34
0	1	16	35
0	1	16	36
0	1	16	37
0	1	16	38
0	1	16	39
0	1	16	40
0	1	16	41
0	1	16	42
0	1	16	43
0	1	16	44
0	1	16	45
0	1	16	46
0	1	16	47
0	1	16	48
0	1	16	49
0	1	16	50
0	1	16	51
0	1	16	52
0	1	16	53
0	1	16	54
0	1	16	55
0	1	16	56
0	1	16	57
0	1	16	58
0	1	16	59
0	1	16	60
0	1	16	61
0	1	16	62
0	1	16	63
0	1	16	64
0	1	16	65
0	1	16	66
0	1	16	67
0	1	16	68
0	1	16	69
0	1	16	70
0	1	16	71
0	1	16	72
0	1	16	73
0	1	16	74
0	1	16	75
0	1	16	76
0	1	16	77
0	1	16	78
0	1	16	79
0	1	16	80
0	1	16	81
0	1	16	82
0	1	16	83
0	1	16	84
0	1	16	85
0	1	16	86
0	1	16	87
0	1	16	88
0	1	16	89
0	1	16	90
0	1	16	91
0	1	16	92
0	1	16	93
0	1	16	94
0	1	16	95
0	1	16	96
0	1	16	97
0	1	16	98
0	1	16	99
0	1	16	100
0	1	16	101
0	1	16	102
0	1	16	103
0	1	16	104
0	1	16	105
0	1	16	106
0	1	16	107
0	1	16	108
0	1	16	109
0	1	16	110
0	1	16	111
0	1	16	112
0	1	16	113
0	1	16	114
0	1	16	115
0	1	16	116
0	1	16	117
0	1	16	118
0	1	16	119
0	1	16	120
0	1	16	121
0	1	16	122
0	1	16	123
0	1	16	124
0	1	16	125
0	1	16	126
0	1	16	127
0	1	17	0
0	1	17	1
0	1	17	2
0	1	17	3
0	1	17	4
0	1	17	5
0	1	17	6
0	1	17	7
0	1	17	8
0	1	17	9
0	1	17	10
0	1	17	11
0	1	17	12
0	1	17	13
0	1	17	14
0	1	17	15
0	1	17	16
0	1	17	17
0	1	17	18
0	1	17	19
0	1	17	20
0	1	17	21
0	1	17	22
0	1	17	23
0	1	17	24
0	1	17	25
0	1	17	26
0	1	17	27
0	1	17	28
0	1	17	29
0	1	17	30
0	1	17	31
0	1	17	32
0	1	17	33
0	1	17	34
0	1	17	35
0	1	17	36
0	1	17	37
0	1	17	38
0	1	17	39
0	1	17	40
0	1	17	41
0	1	17	42
0	1	17	43
0	1	17	44
0	1	17	45
0	1	17	46
0	1	17	47
0	1	17	48
0	1	17	49
0	1	17	50
0	1	17	51
0	1	17	52
0	1	17	53
0	1	17	54
0	1	17	55
0	1	17	56
0	1	17	57
0	1	17	58
0	1	17	59
0	1	17	60
0	1	17	61
0	1	17	62
0	1	17	63
0	1	17	64
0	1	17	65
0	1	17	66
0	1	17	67
0	1	17	68
0	1	17	69
0	1	17	70
0	1	17	71
0	1	17	72
0	1	17	73
0	1	17	74
0	1	17	75
0	1	17	76
0	1	17	77
0	1	17	78
0	1	17	79
0	1	17	80
0	1	17	81
0	1	17	82
0	1	17	83
0	1	17	84
0	1	17	85
0	1	17	86
0	1	17	87
0	1	17	88
0	1	17	89
0	1	17	90
0	1	17	91
0	1	17	92
0	1	17	93
0	1	17	94
0	1	17	95
0	1	17	96
0	1	17	97
0	1	17	98
0	1	17	99
0	1	17	100
0	1	17	101
0	1	17	102
0	1	17	103
0	1	17	104
0	1	17	105
0	1	17	106
0	1	17	107
0	1	17	108
0	1	17	109
0	1	17	110
0	1	17	111
0	1	17	112
0	1	17	113
0	1	17	114
0	1	17	115
0	1	17	116
0	1	17	117
0	1	17	118
0	1	17	119
0	1	17	120
0	1	17	121
0	1	17	122
0	1	17	123
0	1	17	124
0	1	17	125
0	1	17	126
0	1	17	127
0	1	18	0
0	1	18	1
0	1	18	2
0	1	18	3
0	1	18	4
0	1	18	5
0	1	18	6
0	1	18	7
0	1	18	8
0	1	18	9
0	1	18	10
0	1	18	11
0	1	18	12
0	1	18	13
0	1	18	14
0	1	18	15
0	1	18	16
0	1	18	17
0	1	18	18
0	1	18	19
0	1	18	20
0	1	18	21
0	1	18	22
0	1	18	23
0	1	18	24
0	1	18	25
0	1	18	26
0	1	18	27
0	1	18	28
0	1	18	29
0	1	18	30
0	1	18	31
0	1	18	32
0	1	18	33
0	1	18	34
0	1	18	35
0	1	18	36
0	1	18	37
0	1	18	38
0	1	18	39
0	1	18	40
0	1	18	41
0	1	18	42
0	1	18	43
0	1	18	44
0	1	18	45
0	1	18	46
0	1	18	47
0	1	18	48
0	1	18	49
0	1	18	50
0	1	18	51
0	1	18	52
0	1	18	53
0	1	18	54
0	1	18	55
0	1	18	56
0	1	18	57
0	1	18	58
0	1	18	59
0	1	18	60
0	1	18	61
0	1	18	62
0	1	18	63
0	1	18	64
0	1	18	65
0	1	18	66
0	1	18	67
0	1	18	68
0	1	18	69
0	1	18	70
0	1	18	71
0	1	18	72
0	1	18	73
0	1	18	74
0	1	18	75
0	1	18	76
0	1	18	77
0	1	18	78
0	1	18	79
0	1	18	80
0	1	18	81
0	1	18	82
0	1	18	83
0	1	18	84
0	1	18	85
0	1	18	86
0	1	18	87
0	1	18	88
0	1	18	89
0	1	18	90
0	1	18	91
0	1	18	92
0	1	18	93
0	1	18	94
0	1	18	95
0	1	18	96
0	1	18	97
0	1	18	98
0	1	18	99
0	1	18	100
0	1	18	101
0	1	18	102
0	1	18	103
0	1	18	104
0	1	18	105
0	1	18	106
0	1	18	107
0	1	18	108
0	1	18	109
0	1	18	110
0	1	18	111
0	1	18	112
0	1	18	113
0	1	18	114
0	1	18	115
0	1	18	116
0	1	18	117
0	1	18	118
0	1	18	119
0	1	18	120
0	1	18	121
0	1	18	122
0	1	18	123
0	1	18	124
0	1	18	125
0	1	18	126
0	1	18	127
0	1	19	0
0	1	19	1
0	1	19	2
0	1	19	3
0	1	19	4
0	1	19	5
0	1	19	6
0	1	19	7
0	1	19	8
0	1	19	9
0	1	19	10
0	1	19	11
0	1	19	12
0	1	19	13
0	1	19	14
0	1	19	15
0	1	19	16
0	1	19	17
0	1	19	18
0	1	19	19
0	1	19	20
0	1	19	21
0	1	19	22
0	1	19	23
0	1	19	24
0	1	19	25
0	1	19	26
0	1	19	27
0	1	19	28
0	1	19	29
0	1	19	30
0	1	19	31
0	1	19	32
0	1	19	33
0	1	19	34
0	1	19	35
0	1	19	36
0	1	19	37
0	1	19	38
0	1	19	39
0	1	19	40
0	1	19	41
0	1	19	42
0	1	19	43
0	1	19	44
0	1	19	45
0	1	19	46
0	1	19	47
0	1	19	48
0	1	19	49
0	1	19	50
0	1	19	51
0	1	19	52
0	1	19	53
0	1	19	54
0	1	19	55
0	1	19	56
0	1	19	57
0	1	19	58
0	1	19	59
0	1	19	60
0	1	19	61
0	1	19	62
0	1	19	63
0	1	19	64
0	1	19	65
0	1	19	66
0	1	19	67
0	1	19	68
0	1	19	69
0	1	19	70
0	1	19	71
0	1	19	72
0	1	19	73
0	1	19	74
0	1	19	75
0	1	19	76
0	1	19	77
0	1	19	78
0	1	19	79
0	1	19	80
0	1	19	81
0	1	19	82
0	1	19	83
0	1	19	84
0	1	19	85
0	1	19	86
0	1	19	87
0	1	19	88
0	1	19	89
0	1	19	90
0	1	19	91
0	1	19	92
0	1	19	93
0	1	19	94
0	1	19	95
0	1	19	96
0	1	19	97
0	1	19	98
0	1	19	99
0	1	19	100
0	1	19	101
0	1	19	102
0	1	19	103
0	1	19	104
0	1	19	105
0	1	19	106
0	1	19	107
0	1	19	108
0	1	19	109
0	1	19	110
0	1	19	111
0	1	19	112
0	1	19	113
0	1	19	114
0	1	19	115
0	1	19	116
0	1	19	117
0	1	19	118
0	1	19	119
0	1	19	120
0	1	19	121
0	1	19	122
0	1	19	123
0	1	19	124
0	1	19	125
0	1	19	126
0	1	19	127
0	1	20	0
0	1	20	1
0	1	20	2
0	1	20	3
0	1	20	4
0	1	20	5
0	1	20	6
0	1	20	7
0	1	20	8
0	1	20	9
0	1	20	10
0	1	20	11
0	1	20	12
0	1	20	13
0	1	20	14
0	1	20	15
0	1	20	16
0	1	20	17
0	1	20	18
0	1	20	19
0	1	20	20
0	1	20	21
0	1	20	22
0	1	20	23
0	1	20	24
0	1	20	25
0	1	20	26
0	1	20	27
0	1	20	28
0	1	20	29
0	1	20	30
0	1	20	31
0	1	20	32
0	1	20	33
0	1	20	34
0	1	20	35
0	1	20	36
0	1	20	37
0	1	20	38
0	1	20	39
0	1	20	40
0	1	20	41
0	1	20	42
0	1	20	43
0	1	20	44
0	1	20	45
0	1	20	46
0	1	20	47
0	1	20	48
0	1	20	49
0	1	20	50
0	1	20	51
0	1	20	52
0	1	20	53
0	1	20	54
0	1	20	55
0	1	20	56
0	1	20	57
0	1	20	58
0	1	20	59
0	1	20	60
0	1	20	61
0	1	20	62
0	1	20	63
0	1	20	64
0	1	20	65
0	1	20	66
0	1	20	67
0	1	20	68
0	1	20	69
0	1	20	70
0	1	20	71
0	1	20	72
0	1	20	73
0	1	20	74
0	1	20	75
0	1	20	76
0	1	20	77
0	1	20	78
0	1	20	79
0	1	20	80
0	1	20	81
0	1	20	82
0	1	20	83
0	1	20	84
0	1	20	85
0	1	20	86
0	1	20	87
0	1	20	88
0	1	20	89
0	1	20	90
0	1	20	91
0	1	20	92
0	1	20	93
0	1	20	94
0	1	20	95
0	1	20	96
0	1	20	97
0	1	20	98
0	1	20	99
0	1	20	100
0	1	20	101
0	1	20	102
0	1	20	103
0	1	20	104
0	1	20	105
0	1	20	106
0	1	20	107
0	1	20	108
0	1	20	109
0	1	20	110
0	1	20	111
0	1	20	112
0	1	20	113
0	1	20	114
0	1	20	115
0	1	20	116
0	1	20	117
0	1	20	118
0	1	20	119
0	1	20	120
0	1	20	121
0	1	20	122
0	1	20	123
0	1	20	124
0	1	20	125
0	1	20	126
0	1	20	127
0	1	21	0
0	1	21	1
0	1	21	2
0	1	21	3
0	1	21	4
0	1	21	5
0	1	21	6
0	1	21	7
0	1	21	8
0	1	21	9
0	1	21	10
0	1	21	11
0	1	21	12
0	1	21	13
0	1	21	14
0	1	21	15
0	1	21	16
0	1	21	17
0	1	21	18
0	1	21	19
0	1	21	20
0	1	21	21
0	1	21	22
0	1	21	23
0	1	21	24
0	1	21	25
0	1	21	26
0	1	21	27
0	1	21	28
0	1	21	29
0	1	21	30
0	1	21	31
0	1	21	32
0	1	21	33
0	1	21	34
0	1	21	35
0	1	21	36
0	1	21	37
0	1	21	38
0	1	21	39
0	1	21	40
0	1	21	41
0	1	21	42
0	1	21	43
0	1	21	44
0	1	21	45
0	1	21	46
0	1	21	47
0	1	21	48
0	1	21	49
0	1	21	50
0	1	21	51
0	1	21	52
0	1	21	53
0	1	21	54
0	1	21	55
0	1	21	56
0	1	21	57
0	1	21	58
0	1	21	59
0	1	21	60
0	1	21	61
0	1	21	62
0	1	21	63
0	1	21	64
0	1	21	65
0	1	21	66
0	1	21	67
0	1	21	68
0	1	21	69
0	1	21	70
0	1	21	71
0	1	21	72
0	1	21	73
0	1	21	74
0	1	21	75
0	1	21	76
0	1	21	77
0	1	21	78
0	1	21	79
0	1	21	80
0	1	21	81
0	1	21	82
0	1	21	83
0	1	21	84
0	1	21	85
0	1	21	86
0	1	21	87
0	1	21	88
0	1	21	89
0	1	21	90
0	1	21	91
0	1	21	92
0	1	21	93
0	1	21	94
0	1	21	95
0	1	21	96
0	1	21	97
0	1	21	98
0	1	21	99
0	1	21	100
0	1	21	101
0	1	21	102
0	1	21	103
0	1	21	104
0	1	21	105
0	1	21	106
0	1	21	107
0	1	21	108
0	1	21	109
0	1	21	110
0	1	21	111
0	1	21	112
0	1	21	113
0	1	21	114
0	1	21	115
0	1	21	116
0	1	21	117
0	1	21	118
0	1	21	119
0	1	21	120
0	1	21	121
0	1	21	122
0	1	21	123
0	1	21	124
0	1	21	125
0	1	21	126
0	1	21	127
0	1	22	0
0	1	22	1
0	1	22	2
0	1	22	3
0	1	22	4
0	1	22	5
0	1	22	6
0	1	22	7
0	1	22	8
0	1	22	9
0	1	22	10
0	1	22	11
0	1	22	12
0	1	22	13
0	1	22	14
0	1	22	15
0	1	22	16
0	1	22	17
0	1	22	18
0	1	22	19
0	1	22	20
0	1	22	21
0	1	22	22
0	1	22	23
0	1	22	24
0	1	22	25
0	1	22	26
0	1	22	27
0	1	22	28
0	1	22	29
0	1	22	30
0	1	22	31
0	1	22	32
0	1	22	33
0	1	22	34
0	1	22	35
0	1	22	36
0	1	22	37
0	1	22	38
0	1	22	39
0	1	22	40
0	1	22	41
0	1	22	42
0	1	22	43
0	1	22	44
0	1	22	45
0	1	22	46
0	1	22	47
0	1	22	48
0	1	22	49
0	1	22	50
0	1	22	51
0	1	22	52
0	1	22	53
0	1	22	54
0	1	22	55
0	1	22	56
0	1	22	57
0	1	22	58
0	1	22	59
0	1	22	60
0	1	22	61
0	1	22	62
0	1	22	63
0	1	22	64
0	1	22	65
0	1	22	66
0	1	22	67
0	1	22	68
0	1	22	69
0	1	22	70
0	1	22	71
0	1	22	72
0	1	22	73
0	1	22	74
0	1	22	75
0	1	22	76
0	1	22	77
0	1	22	78
0	1	22	79
0	1	22	80
0	1	22	81
0	1	22	82
0	1	22	83
0	1	22	84
0	1	22	85
0	1	22	86
0	1	22	87
0	1	22	88
0	1	22	89
0	1	22	90
0	1	22	91
0	1	22	92
0	1	22	93
0	1	22	94
0	1	22	95
0	1	22	96
0	1	22	97
0	1	22	98
0	1	22	99
0	1	22	100
0	1	22	101
0	1	22	102
0	1	22	103
0	1	22	104
0	1	22	105
0	1	22	106
0	1	22	107
0	1	22	108
0	1	22	109
0	1	22	110
0	1	22	111
0	1	22	112
0	1	22	113
0	1	22	114
0	1	22	115
0	1	22	116
0	1	22	117
0	1	22	118
0	1	22	119
0	1	22	120
0	1	22	121
0	1	22	122
0	1	22	123
0	1	22	124
0	1	22	125
0	1	22	126
0	1	22	127
0	1	23	0
0	1	23	1
0	1	23	2
0	1	23	3
0	1	23	4
0	1	23	5
0	1	23	6
0	1	23	7
0	1	23	8
0	1	23	9
0	1	23	10
0	1	23	11
0	1	23	12
0	1	23	13
0	1	23	14
0	1	23	15
0	1	23	16
0	1	23	17
0	1	23	18
0	1	23	19
0	1	23	20
0	1	23	21
0	1	23	22
0	1	23	23
0	1	23	24
0	1	23	25
0	1	23	26
0	1	23	27
0	1	23	28
0	1	23	29
0	1	23	30
0	1	23	31
0	1	23	32
0	1	23	33
0	1	23	34
0	1	23	35
0	1	23	36
0	1	23	37
0	1	23	38
0	1	23	39
0	1	23	40
0	1	23	41
0	1	23	42
0	1	23	43
0	1	23	44
0	1	23	45
0	1	23	46
0	1	23	47
0	1	23	48
0	1	23	49
0	1	23	50
0	1	23	51
0	1	23	52
0	1	23	53
0	1	23	54
0	1	23	55
0	1	23	56
0	1	23	57
0	1	23	58
0	1	23	59
0	1	23	60
0	1	23	61
0	1	23	62
0	1	23	63
0	1	23	64
0	1	23	65
0	1	23	66
0	1	23	67
0	1	23	68
0	1	23	69
0	1	23	70
0	1	23	71
0	1	23	72
0	1	23	73
0	1	23	74
0	1	23	75
0	1	23	76
0	1	23	77
0	1	23	78
0	1	23	79
0	1	23	80
0	1	23	81
0	1	23	82
0	1	23	83
0	1	23	84
0	1	23	85
0	1	23	86
0	1	23	87
0	1	23	88
0	1	23	89
0	1	23	90
0	1	23	91
0	1	23	92
0	1	23	93
0	1	23	94
0	1	23	95
0	1	23	96
0	1	23	97
0	1	23	98
0	1	23	99
0	1	23	100
0	1	23	101
0	1	23	102
0	1	23	103
0	1	23	104
0	1	23	105
0	1	23	106
0	1	23	107
0	1	23	108
0	1	23	109
0	1	23	110
0	1	23	111
0	1	23	112
0	1	23	113
0	1	23	114
0	1	23	115
0	1	23	116
0	1	23	117
0	1	23	118
0	1	23	119
0	1	23	120
0	1	23	121
0	1	23	122
0	1	23	123
0	1	23	124
0	1	23	125
0	1	23	126
0	1	23	127
0	1	24	0
0	1	24	1
0	1	24	2
0	1	24	3
0	1	24	4
0	1	24	5
0	1	24	6
0	1	24	7
0	1	24	8
0	1	24	9
0	1	24	10
0	1	24	11
0	1	24	12
0	1	24	13
0	1	24	14
0	1	24	15
0	1	24	16
0	1	24	17
0	1	24	18
0	1	24	19
0	1	24	20
0	1	24	21
0	1	24	22
0	1	24	23
0	1	24	24
0	1	24	25
0	1	24	26
0	1	24	27
0	1	24	28
0	1	24	29
0	1	24	30
0	1	24	31
0	1	24	32
0	1	24	33
0	1	24	34
0	1	24	35
0	1	24	36
0	1	24	37
0	1	24	38
0	1	24	39
0	1	24	40
0	1	24	41
0	1	24	42
0	1	24	43
0	1	24	44
0	1	24	45
0	1	24	46
0	1	24	47
0	1	24	48
0	1	24	49
0	1	24	50
0	1	24	51
0	1	24	52
0	1	24	53
0	1	24	54
0	1	24	55
0	1	24	56
0	1	24	57
0	1	24	58
0	1	24	59
0	1	24	60
0	1	24	61
0	1	24	62
0	1	24	63
0	1	24	64
0	1	24	65
0	1	24	66
0	1	24	67
0	1	24	68
0	1	24	69
0	1	24	70
0	1	24	71
0	1	24	72
0	1	24	73
0	1	24	74
0	1	24	75
0	1	24	76
0	1	24	77
0	1	24	78
0	1	24	79
0	1	24	80
0	1	24	81
0	1	24	82
0	1	24	83
0	1	24	84
0	1	24	85
0	1	24	86
0	1	24	87
0	1	24	88
0	1	24	89
0	1	24	90
0	1	24	91
0	1	24	92
0	1	24	93
0	1	24	94
0	1	24	95
0	1	24	96
0	1	24	97
0	1	24	98
0	1	24	99
0	1	24	100
0	1	24	101
0	1	24	102
0	1	24	103
0	1	24	104
0	1	24	105
0	1	24	106
0	1	24	107
0	1	24	108
0	1	24	109
0	1	24	110
0	1	24	111
0	1	24	112
0	1	24	113
0	1	24	114
0	1	24	115
0	1	24	116
0	1	24	117
0	1	24	118
0	1	24	119
0	1	24	120
0	1	24	121
0	1	24	122
0	1	24	123
0	1	24	124
0	1	24	125
0	1	24	126
0	1	24	127
0	1	25	0
0	1	25	1
0	1	25	2
0	1	25	3
0	1	25	4
0	1	25	5
0	1	25	6
0	1	25	7
0	1	25	8
0	1	25	9
0	1	25	10
0	1	25	11
0	1	25	12
0	1	25	13
0	1	25	14
0	1	25	15
0	1	25	16
0	1	25	17
0	1	25	18
0	1	25	19
0	1	25	20
0	1	25	21
0	1	25	22
0	1	25	23
0	1	25	24
0	1	25	25
0	1	25	26
0	1	25	27
0	1	25	28
0	1	25	29
0	1	25	30
0	1	25	31
0	1	25	32
0	1	25	33
0	1	25	34
0	1	25	35
0	1	25	36
0	1	25	37
0	1	25	38
0	1	25	39
0	1	25	40
0	1	25	41
0	1	25	42
0	1	25	43
0	1	25	44
0	1	25	45
0	1	25	46
0	1	25	47
0	1	25	48
0	1	25	49
0	1	25	50
0	1	25	51
0	1	25	52
0	1	25	53
0	1	25	54
0	1	25	55
0	1	25	56
0	1	25	57
0	1	25	58
0	1	25	59
0	1	25	60
0	1	25	61
0	1	25	62
0	1	25	63
0	1	25	64
0	1	25	65
0	1	25	66
0	1	25	67
0	1	25	68
0	1	25	69
0	1	25	70
0	1	25	71
0	1	25	72
0	1	25	73
0	1	25	74
0	1	25	75
0	1	25	76
0	1	25	77
0	1	25	78
0	1	25	79
0	1	25	80
0	1	25	81
0	1	25	82
0	1	25	83
0	1	25	84
0	1	25	85
0	1	25	86
0	1	25	87
0	1	25	88
0	1	25	89
0	1	25	90
0	1	25	91
0	1	25	92
0	1	25	93
0	1	25	94
0	1	25	95
0	1	25	96
0	1	25	97
0	1	25	98
0	1	25	99
0	1	25	100
0	1	25	101
0	1	25	102
0	1	25	103
0	1	25	104
0	1	25	105
0	1	25	106
0	1	25	107
0	1	25	108
0	1	25	109
0	1	25	110
0	1	25	111
0	1	25	112
0	1	25	113
0	1	25	114
0	1	25	115
0	1	25	116
0	1	25	117
0	1	25	118
0	1	25	119
0	1	25	120
0	1	25	121
0	1	25	122
0	1	25	123
0	1	25	124
0	1	25	125
0	1	25	126
0	1	25	127
0	6	8	0
0	6	20	126
0	6	22	126
0	6	24	126
1	2	4	126
1	2	10	126
1	2	11	126
1	2	14	0
1	2	16	0
1	2	17	126
1	2	22	126
1	2	23	124
1	10	17	86
2	1	7	0
3	13	18	0
5	3	15	124
5	3	15	126
5	3	15	127
6	10	11	0
7	12	0	126
# FELIX	FELIX_CH	CHIP	CHANNEL
1	2	0	0
1	2	0	1
1	2	0	2
1	2	0	3
1	2	0	4
1	2	0	5
1	2	0	6
1	2	0	7
1	2	0	8
1	2	0	9
1	2	0	10
1	2	0	11
1	2	0	12
1	2	0	13
1	2	0	14
1	2	0	15
1	2	0	16
1	2	0	17
1	2	0	18
1	2	0	19
1	2	0	20
1	2	0	21
1	2	0	22
1	2	0	23
1	2	0	24
1	2	0	25
1	2	0	26
1	2	0	27
1	2	0	28
1	2	0	29
1	2	0	30
1	2	0	31
1	2	0	32
1	2	0	33
1	2	0	34
1	2	0	35
1	2	0	36
1	2	0	37
1	2	0	38
1	2	0	39
1	2	0	40
1	2	0	41
1	2	0	42
1	2	0	43
1	2	0	44
1	2	0	45
1	2	0	46
1	2	0	47
1	2	0	48
1	2	0	49
1	2	0	50
1	2	0	51
1	2	0	52
1	2	0	53
1	2	0	54
1	2	0	55
1	2	0	56
1	2	0	57
1	2	0	58
1	2	0	59
1	2	0	60
1	2	0	61
1	2	0	62
1	2	0	63
1	2	0	64
1	2	0	65
1	2	0	66
1	2	0	67
1	2	0	68
1	2	0	69
1	2	0	70
1	2	0	71
1	2	0	72
1	2	0	73
1	2	0	74
1	2	0	75
1	2	0	76
1	2	0	77
1	2	0	78
1	2	0	79
1	2	0	80
1	2	0	81
1	2	0	82
1	2	0	83
1	2	0	84
1	2	0	85
1	2	0	86
1	2	0	87
1	2	0	88
1	2	0	89
1	2	0	90
1	2	0	91
1	2	0	92
1	2	0	93
1	2	0	94
1	2	0	95
1	2	0	96
1	2	0	97
1	2	0	98
1	2	0	99
1	2	0	100
1	2	0	101
1	2	0	102
1	2	0	103
1	2	0	104
1	2	0	105
1	2	0	106
1	2	0	107
1	2	0	108
1	2	0	109
1	2	0	110
1	2	0	111
1	2	0	112
1	2	0	113
1	2	0	114
1	2	0	115
1	2	0	116
1	2	0	117
1	2	0	118
1	2	0	119
1	2	0	120
1	2	0	121
1	2	0	122
1	2	0	123
1	2	0	124
1	2	0	125
1	2	0	126
1	2	0	127
1	2	1	0
1	2	1	1
1	2	1	2
1	2	1	3
1	2	1	4
1	2	1	5
1	2	1	6
1	2	1	7
1	2	1	8
1	2	1	9
1	2	1	10
1	2	1	11
1	2	1	12
1	2	1	13
1	2	1	14
1	2	1	15
1	2	1	16
1	2	1	17
1	2	1	18
1	2	1	19
1	2	1	20
1	2	1	21
1	2	1	22
1	2	1	23
1	2	1	24
1	2	1	25
1	2	1	26
1	2	1	27
1	2	1	28
1	2	1	29
1	2	1	30
1	2	1	31
1	2	1	32
1	2	1	33
1	2	1	34
1	2	1	35
1	2	1	36
1	2	1	37
1	2	1	38
1	2	1	39
1	2	1	40
1	2	1	41
1	2	1	42
1	2	1	43
1	2	1	44
1	2	1	45
1	2	1	46
1	2	1	47
1	2	1	48
1	2	1	49
1	2	1	50
1	2	1	51
1	2	1	52
1	2	1	53
1	2	1	54
1	2	1	55
1	2	1	56
1	2	1	57
1	2	1	58
1	2	1	59
1	2	1	60
1	2	1	61
1	2	1	62
1	2	1	63
1	2	1	64
1	2	1	65
1	2	1	66
1	2	1	67
1	2	1	68
1	2	1	69
1	2	1	70
1	2	1	71
1	2	1	72
1	2	1	73
1	2	1	74
1	2	1	75
1	2	1	76
1	2	1	77
1	2	1	78
1	2	1	79
1	2	1	80
1	2	1	81
1	2	1	82
1	2	1	83
1	2	1	84
1	2	1	85
1	2	1	86
1	2	1	87
1	2	1	88
1	2	1	89
1	2	1	90
1	2	1	91
1	2	1	92
1	2	1	93
1	2	1	94
1	2	1	95
1	2	1	96
1	2	1	97
1	2	1	98
1	2	1	99
1	2	1	100
1	2	1	101
1	2	1	102
1	2	1	103
1	2	1	104
1	2	1	105
1	2	1	106
1	2	1	107
1	2	1	108
1	2	1	109
1	2	1	110
1	2	1	111
1	2	1	112
1	2	1	113
1	2	1	114
1	2	1	115
1	2	1	116
1	2	1	117
1	2	1	118
1	2	1	119
1	2	1	120
1	2	1	121
1	2	1	122
1	2	1	123
1	2	1	124
1	2	1	125
1	2	1	126
1	2	1	127
1	2	2	0
1	2	2	1
1	2	2	2
1	2	2	3
1	2	2	4
1	2	2	5
1	2	2	6
1	2	2	7
1	2	2	8
1	2	2	9
1	2	2	10
1	2	2	11
1	2	2	12
1	2	2	13
1	2	2	14
1	2	2	15
1	2	2	16
1	2	2	17
1	2	2	18
1	2	2	19
1	2	2	20
1	2	2	21
1	2	2	22
1	2	2	23
1	2	2	24
1	2	2	25
1	2	2	26
1	2	2	27
1	2	2	28
1	2	2	29
1	2	2	30
1	2	2	31
1	2	2	32
1	2	2	33
1	2	2	34
1	2	2	35
1	2	2	36
1	2	2	37
1	2	2	38
1	2	2	39
1	2	2	40
1	2	2	41
1	2	2	42
1	2	2	43
1	2	2	44
1	2	2	45
1	2	2	46
1	2	2	47
1	2	2	48
1	2	2	49
1	2	2	50
1	2	2	51
1	2	2	52
1	2	2	53
1	2	2	54
1	2	2	55
1	2	2	56
1	2	2	57
1	2	2	58
1	2	2	59
1	2	2	60
1	2	2	61
1	2	2	62
1	2	2	63
1	2	2	64
1	2	2	65
1	2	2	66
1	2	2	67
1	2	2	68
1	2	2	69
1	2	2	70
1	2	2	71
1	2	2	72
1	2	2	73
1	2	2	74
1	2	2	75
1	2	2	76
1	2	2	77
1	2	2	78
1	2	2	79
1	2	2	80
1	2	2	81
1	2	2	82
1	2	2	83
1	2	2	84
1	2	2	85
1	2	2	86
1	2	2	87
1	2	2	88
1	2	2	89
1	2	2	90
1	2	2	91
1	2	2	92
1	2	2	93
1	2	2	94
1	2	2	95
1	2	2	96
1	2	2	97
1	2	2	98
1	2	2	99
1	2	2	100
1	2	2	101
1	2	2	102
1	2	2	103
1	2	2	104
1	2	2	105
1	2	2	106
1	2	2	107
1	2	2	108
1	2	2	109
1	2	2	110
1	2	2	111
1	2	2	112
1	2	2	113
1	2	2	114
1	2	2	115
1	2	2	116
1	2	2	117
1	2	2	118
1	2	2	119
1	2	2	120
1	2	2	121
1	2	2	122
1	2	2	123
1	2	2	124
1	2	2	125
1	2	2	126
1	2	2	127
1	2	3	0
1	2	3	1
1	2	3	2
1	2	3	3
1	2	3	4
1	2	3	5
1	2	3	6
1	2	3	7
1	2	3	8
1	2	3	9
1	2	3	10
1	2	3	11
1	2	3	12
1	2	3	13
1	2	3	14
1	2	3	15
1	2	3	16
1	2	3	17
1	2	3	18
1	2	3	19
1	2	3	20
1	2	3	21
1	2	3	22
1	2	3	23
1	2	3	24
1	2	3	25
1	2	3	26
1	2	3	27
1	2	3	28
1	2	3	29
1	2	3	30
1	2	3	31
1	2	3	32
1	2	3	33
1	2	3	34
1	2	3	35
1	2	3	36
1	2	3	37
1	2	3	38
1	2	3	39
1	2	3	40
1	2	3	41
1	2	3	42
1	2	3	43
1	2	3	44
1	2	3	45
1	2	3	46
1	2	3	47
1	2	3	48
1	2	3	49
1	2	3	50
1	2	3	51
1	2	3	52
1	2	3	53
1	2	3	54
1	2	3	55
1	2	3	56
1	2	3	57
1	2	3	58
1	2	3	59
1	2	3	60
1	2	3	61
1	2	3	62
1	2	3	63
1	2	3	64
1	2	3	65
1	2	3	66
1	2	3	67
1	2	3	68
1	2	3	69
1	2	3	70
1	2	3	71
1	2	3	72
1	2	3	73
1	2	3	74
1	2	3	75
1	2	3	76
1	2	3	77
1	2	3	78
1	2	3	79
1	2	3	80
1	2	3	81
1	2	3	82
1	2	3	83
1	2	3	84
1	2	3	85
1	2	3	86
1	2	3	87
1	2	3	88
1	2	3	89
1	2	3	90
1	2	3	91
1	2	3	92
1	2	3	93
1	2	3	94
1	2	3	95
1	2	3	96
1	2	3	97
1	2	3	98
1	2	3	99
1	2	3	100
1	2	3	101
1	2	3	102
1	2	3	103
1	2	3	104
1	2	3	105
1	2	3	106
1	2	3	107
1	2	3	108
1	2	3	109
1	2	3	110
1	2	3	111
1	2	3	112
1	2	3	113
1	2	3	114
1	2	3	115
1	2	3	116
1	2	3	117
1	2	3	118
1	2	3	119
1	2	3	120
1	2	3	121
1	2	3	122
1	2	3	123
1	2	3	124
1	2	3	125
1	2	3	126
1	2	3	127
1	2	4	0
1	2	4	1
1	2	4	2
1	2	4	3
1	2	4	4
1	2	4	5
1	2	4	6
1	2	4	7
1	2	4	8
1	2	4	9
1	2	4	10
1	2	4	11
1	2	4	12
1	2	4	13
1	2	4	14
1	2	4	15
1	2	4	16
1	2	4	17
1	2	4	18
1	2	4	19
1	2	4	20
1	2	4	21
1	2	4	22
1	2	4	23
1	2	4	24
1	2	4	25
1	2	4	26
1	2	4	27
1	2	4	28
1	2	4	29
1	2	4	30
1	2	4	31
1	2	4	32
1	2	4	33
1	2	4	34
1	2	4	35
1	2	4	36
1	2	4	37
1	2	4	38
1	2	4	39
1	2	4	40
1	2	4	41
1	2	4	42
1	2	4	43
1	2	4	44
1	2	4	45
1	2	4	46
1	2	4	47
1	2	4	48
1	2	4	49
1	2	4	50
1	2	4	51
1	2	4	52
1	2	4	53
1	2	4	54
1	2	4	55
1	2	4	56
1	2	4	57
1	2	4	58
1	2	4	59
1	2	4	60
1	2	4	61
1	2	4	62
1	2	4	63
1	2	4	64
1	2	4	65
1	2	4	66
1	2	4	67
1	2	4	68
1	2	4	69
1	2	4	70
1	2	4	71
1	2	4	72
1	2	4	73
1	2	4	74
1	2	4	75
1	2	4	76
1	2	4	77
1	2	4	78
1	2	4	79
1	2	4	80
1	2	4	81
1	2	4	82
1	2	4	83
1	2	4	84
1	2	4	85
1	2	4	86
1	2	4	87
1	2	4	88
1	2	4	89
1	2	4	90
1	2	4	91
1	2	4	92
1	2	4	93
1	2	4	94
1	2	4	95
1	2	4	96
1	2	4	97
1	2	4	98
1	2	4	99
1	2	4	100
1	2	4	101
1	2	4	102
1	2	4	103
1	2	4	104
1	2	4	105
1	2	4	106
1	2	4	107
1	2	4	108
1	2	4	109
1	2	4	110
1	2	4	111
1	2	4	112
1	2	4	113
1	2	4	114
1	2	4	115
1	2	4	116
1	2	4	117
1	2	4	118
1	2	4	119
1	2	4	120
1	2	4	121
1	2	4	122
1	2	4	123
1	2	4	124
1	2	4	125
1	2	4	126
1	2	4	127
1	2	5	0
1	2	5	1
1	2	5	2
1	2	5	3
1	2	5	4
1	2	5	5
1	2	5	6
1	2	5	7
1	2	5	8
1	2	5	9
1	2	5	10
1	2	5	11
1	2	5	12
1	2	5	13
1	2	5	14
1	2	5	15
1	2	5	16
1	2	5	17
1	2	5	18
1	2	5	19
1	2	5	20
1	2	5	21
1	2	5	22
1	2	5	23
1	2	5	24
1	2	5	25
1	2	5	26
1	2	5	27
1	2	5	28
1	2	5	29
1	2	5	30
1	2	5	31
1	2	5	32
1	2	5	33
1	2	5	34
1	2	5	35
1	2	5	36
1	2	5	37
1	2	5	38
1	2	5	39
1	2	5	40
1	2	5	41
1	2	5	42
1	2	5	43
1	2	5	44
1	2	5	45
1	2	5	46
1	2	5	47
1	2	5	48
1	2	5	49
1	2	5	50
1	2	5	51
1	2	5	52
1	2	5	53
1	2	5	54
1	2	5	55
1	2	5	56
1	2	5	57
1	2	5	58
1	2	5	59
1	2	5	60
1	2	5	61
1	2	5	62
1	2	5	63
1	2	5	64
1	2	5	65
1	2	5	66
1	2	5	67
1	2	5	68
1	2	5	69
1	2	5	70
1	2	5	71
1	2	5	72
1	2	5	73
1	2	5	74
1	2	5	75
1	2	5	76
1	2	5	77
1	2	5	78
1	2	5	79
1	2	5	80
1	2	5	81
1	2	5	82
1	2	5	83
1	2	5	84
1	2	5	85
1	2	5	86
1	2	5	87
1	2	5	88
1	2	5	89
1	2	5	90
1	2	5	91
1	2	5	92
1	2	5	93
1	2	5	94
1	2	5	95
1	2	5	96
1	2	5	97
1	2	5	98
1	2	5	99
1	2	5	100
1	2	5	101
1	2	5	102
1	2	5	103
1	2	5	104
1	2	5	105
1	2	5	106
1	2	5	107
1	2	5	108
1	2	5	109
1	2	5	110
1	2	5	111
1	2	5	112
1	2	5	113
1	2	5	114
1	2	5	115
1	2	5	116
1	2	5	117
1	2	5	118
1	2	5	119
1	2	5	120
1	2	5	121
1	2	5	122
1	2	5	123
1	2	5	124
1	2	5	125
1	2	5	126
1	2	5	127
1	2	6	0
1	2	6	1
1	2	6	2
1	2	6	3
1	2	6	4
1	2	6	5
1	2	6	6
1	2	6	7
1	2	6	8
1	2	6	9
1	2	6	10
1	2	6	11
1	2	6	12
1	2	6	13
1	2	6	14
1	2	6	15
1	2	6	16
1	2	6	17
1	2	6	18
1	2	6	19
1	2	6	20
1	2	6	21
1	2	6	22
1	2	6	23
1	2	6	24
1	2	6	25
1	2	6	26
1	2	6	27
1	2	6	28
1	2	6	29
1	2	6	30
1	2	6	31
1	2	6	32
1	2	6	33
1	2	6	34
1	2	6	35
1	2	6	36
1	2	6	37
1	2	6	38
1	2	6	39
1	2	6	40
1	2	6	41
1	2	6	42
1	2	6	43
1	2	6	44
1	2	6	45
1	2	6	46
1	2	6	47
1	2	6	48
1	2	6	49
1	2	6	50
1	2	6	51
1	2	6	52
1	2	6	53
1	2	6	54
1	2	6	55
1	2	6	56
1	2	6	57
1	2	6	58
1	2	6	59
1	2	6	60
1	2	6	61
1	2	6	62
1	2	6	63
1	2	6	64
1	2	6	65
1	2	6	66
1	2	6	67
1	2	6	68
1	2	6	69
1	2	6	70
1	2	6	71
1	2	6	72
1	2	6	73
1	2	6	74
1	2	6	75
1	2	6	76
1	2	6	77
1	2	6	78
1	2	6	79
1	2	6	80
1	2	6	81
1	2	6	82
1	2	6	83
1	2	6	84
1	2	6	85
1	2	6	86
1	2	6	87
1	2	6	88
1	2	6	89
1	2	6	90
1	2	6	91
1	2	6	92
1	2	6	93
1	2	6	94
1	2	6	95
1	2	6	96
1	2	6	97
1	2	6	98
1	2	6	99
1	2	6	100
1	2	6	101
1	2	6	102
1	2	6	103
1	2	6	104
1	2	6	105
1	2	6	106
1	2	6	107
1	2	6	108
1	2	6	109
1	2	6	110
1	2	6	111
1	2	6	112
1	2	6	113
1	2	6	114
1	2	6	115
1	2	6	116
1	2	6	117
1	2	6	118
1	2	6	119
1	2	6	120
1	2	6	121
1	2	6	122
1	2	6	123
1	2	6	124
1	2	6	125
1	2	6	126
1	2	6	127
1	2	7	0
1	2	7	1
1	2	7	2
1	2	7	3
1	2	7	4
1	2	7	5
1	2	7	6
1	2	7	7
1	2	7	8
1	2	7	9
1	2	7	10
1	2	7	11
1	2	7	12
1	2	7	13
1	2	7	14
1	2	7	15
1	2	7	16
1	2	7	17
1	2	7	18
1	2	7	19
1	2	7	20
1	2	7	21
1	2	7	22
1	2	7	23
1	2	7	24
1	2	7	25
1	2	7	26
1	2	7	27
1	2	7	28
1	2	7	29
1	2	7	30
1	2	7	31
1	2	7	32
1	2	7	33
1	2	7	34
1	2	7	35
1	2	7	36
1	2	7	37
1	2	7	38
1	2	7	39
1	2	7	40
1	2	7	41
1	2	7	42
1	2	7	43
1	2	7	44
1	2	7	45
1	2	7	46
1	2	7	47
1	2	7	48
1	2	7	49
1	2	7	50
1	2	7	51
1	2	7	52
1	2	7	53
1	2	7	54
1	2	7	55
1	2	7	56
1	2	7	57
1	2	7	58
1	2	7	59
1	2	7	60
1	2	7	61
1	2	7	62
1	2	7	63
1	2	7	64
1	2	7	65
1	2	7	66
1	2	7	67
1	2	7	68
1	2	7	69
1	2	7	70
1	2	7	71
1	2	7	72
1	2	7	73
1	2	7	74
1	2	7	75
1	2	7	76
1	2	7	77
1	2	7	78
1	2	7	79
1	2	7	80
1	2	7	81
1	2	7	82
1	2	7	83
1	2	7	84
1	2	7	85
1	2	7	86
1	2	7	87
1	2	7	88
1	2	7	89
1	2	7	90
1	2	7	91
1	2	7	92
1	2	7	93
1	2	7	94
1	2	7	95
1	2	7	96
1	2	7	97
1	2	7	98
1	2	7	99
1	2	7	100
1	2	7	101
1	2	7	102
1	2	7	103
1	2	7	104
1	2	7	105
1	2	7	106
1	2	7	107
1	2	7	108
1	2	7	109
1	2	7	110
1	2	7	111
1	2	7	112
1	2	7	113
1	2	7	114
1	2	7	115
1	2	7	116
1	2	7	117
1	2	7	118
1	2	7	119
1	2	7	120
1	2	7	121
1	2	7	122
1	2	7	123
1	2	7	124
1	2	7	125
1	2	7	126
1	2	7	127
1	2	8	0
1	2	8	1
1	2	8	2
1	2	8	3
1	2	8	4
1	2	8	5
1	2	8	6
1	2	8	7
1	2	8	8
1	2	8	9
1	2	8	10
1	2	8	11
1	2	8	12
1	2	8	13
1	2	8	14
1	2	8	15
1	2	8	16
1	2	8	17
1	2	8	18
1	2	8	19
1	2	8	20
1	2	8	21
1	2	8	22
1	2	8	23
1	2	8	24
1	2	8	25
1	2	8	26
1	2	8	27
1	2	8	28
1	2	8	29
1	2	8	30
1	2	8	31
1	2	8	32
1	2	8	33
1	2	8	34
1	2	8	35
1	2	8	36
1	2	8	37
1	2	8	38
1	2	8	39
1	2	8	40
1	2	8	41
1	2	8	42
1	2	8	43
1	2	8	44
1	2	8	45
1	2	8	46
1	2	8	47
1	2	8	48
1	2	8	49
1	2	8	50
1	2	8	51
1	2	8	52
1	2	8	53
1	2	8	54
1	2	8	55
1	2	8	56
1	2	8	57
1	2	8	58
1	2	8	59
1	2	8	60
1	2	8	61
1	2	8	62
1	2	8	63
1	2	8	64
1	2	8	65
1	2	8	66
1	2	8	67
1	2	8	68
1	2	8	69
1	2	8	70
1	2	8	71
1	2	8	72
1	2	8	73
1	2	8	74
1	2	8	75
1	2	8	76
1	2	8	77
1	2	8	78
1	2	8	79
1	2	8	80
1	2	8	81
1	2	8	82
1	2	8	83
1	2	8	84
1	2	8	85
1	2	8	86
1	2	8	87
1	2	8	88
1	2	8	89
1	2	8	90
1	2	8	91
1	2	8	92
1	2	8	93
1	2	8	94
1	2	8	95
1	2	8	96
1	2	8	97
1	2	8	98
1	2	8	99
1	2	8	100
1	2	8	101
1	2	8	102
1	2	8	103
1	2	8	104
1	2	8	105
1	2	8	106
1	2	8	107
1	2	8	108
1	2	8	109
1	2	8	110
1	2	8	111
1	2	8	112
1	2	8	113
1	2	8	114
1	2	8	115
1	2	8	116
1	2	8	117
1	2	8	118
1	2	8	119
1	2	8	120
1	2	8	121
1	2	8	122
1	2	8	123
1	2	8	124
1	2	8	125
1	2	8	126
1	2	8	127
1	2	9	0
1	2	9	1
1	2	9	2
1	2	9	3
1	2	9	4
1	2	9	5
1	2	9	6
1	2	9	7
1	2	9	8
1	2	9	9
1	2	9	10
1	2	9	11
1	2	9	12
1	2	9	13
1	2	9	14
1	2	9	15
1	2	9	16
1	2	9	17
1	2	9	18
1	2	9	19
1	2	9	20
1	2	9	21
1	2	9	22
1	2	9	23
1	2	9	24
1	2	9	25
1	2	9	26
1	2	9	27
1	2	9	28
1	2	9	29
1	2	9	30
1	2	9	31
1	2	9	32
1	2	9	33
1	2	9	34
1	2	9	35
1	2	9	36
1	2	9	37
1	2	9	38
1	2	9	39
1	2	9	40
1	2	9	41
1	2	9	42
1	2	9	43
1	2	9	44
1	2	9	45
1	2	9	46
1	2	9	47
1	2	9	48
1	2	9	49
1	2	9	50
1	2	9	51
1	2	9	52
1	2	9	53
1	2	9	54
1	2	9	55
1	2	9	56
1	2	9	57
1	2	9	58
1	2	9	59
1	2	9	60
1	2	9	61
1	2	9	62
1	2	9	63
1	2	9	64
1	2	9	65
1	2	9	66
1	2	9	67
1	2	9	68
1	2	9	69
1	2	9	70
1	2	9	71
1	2	9	72
1	2	9	73
1	2	9	74
1	2	9	75
1	2	9	76
1	2	9	77
1	2	9	78
1	2	9	79
1	2	9	80
1	2	9	81
1	2	9	82
1	2	9	83
1	2	9	84
1	2	9	85
1	2	9	86
1	2	9	87
1	2	9	88
1	2	9	89
1	2	9	90
1	2	9	91
1	2	9	92
1	2	9	93
1	2	9	94
1	2	9	95
1	2	9	96
1	2	9	97
1	2	9	98
1	2	9	99
1	2	9	100
1	2	9	101
1	2	9	102
1	2	9	103
1	2	9	104
1	2	9	105
1	2	9	106
1	2	9	107
1	2	9	108
1	2	9	109
1	2	9	110
1	2	9	111
1	2	9	112
1	2	9	113
1	2	9	114
1	2	9	115
1	2	9	116
1	2	9	117
1	2	9	118
1	2	9	119
1	2	9	120
1	2	9	121
1	2	9	122
1	2	9	123
1	2	9	124
1	2	9	125
1	2	9	126
1	2	9	127
1	2	10	0
1	2	10	1
1	2	10	2
1	2	10	3
1	2	10	4
1	2	10	5
1	2	10	6
1	2	10	7
1	2	10	8
1	2	10	9
1	2	10	10
1	2	10	11
1	2	10	12
1	2	10	13
1	2	10	14
1	2	10	15
1	2	10	16
1	2	10	17
1	2	10	18
1	2	10	19
1	2	10	20
1	2	10	21
1	2	10	22
1	2	10	23
1	2	10	24
1	2	10	25
1	2	10	26
1	2	10	27
1	2	10	28
1	2	10	29
1	2	10	30
1	2	10	31
1	2	10	32
1	2	10	33
1	2	10	34
1	2	10	35
1	2	10	36
1	2	10	37
1	2	10	38
1	2	10	39
1	2	10	40
1	2	10	41
1	2	10	42
1	2	10	43
1	2	10	44
1	2	10	45
1	2	10	46
1	2	10	47
1	2	10	48
1	2	10	49
1	2	10	50
1	2	10	51
1	2	10	52
1	2	10	53
1	2	10	54
1	2	10	55
1	2	10	56
1	2	10	57
1	2	10	58
1	2	10	59
1	2	10	60
1	2	10	61
1	2	10	62
1	2	10	63
1	2	10	64
1	2	10	65
1	2	10	66
1	2	10	67
1	2	10	68
1	2	10	69
1	2	10	70
1	2	10	71
1	2	10	72
1	2	10	73
1	2	10	74
1	2	10	75
1	2	10	76
1	2	10	77
1	2	10	78
1	2	10	79
1	2	10	80
1	2	10	81
1	2	10	82
1	2	10	83
1	2	10	84
1	2	10	85
1	2	10	86
1	2	10	87
1	2	10	88
1	2	10	89
1	2	10	90
1	2	10	91
1	2	10	92
1	2	10	93
1	2	10	94
1	2	10	95
1	2	10	96
1	2	10	97
1	2	10	98
1	2	10	99
1	2	10	100
1	2	10	101
1	2	10	102
1	2	10	103
1	2	10	104
1	2	10	105
1	2	10	106
1	2	10	107
1	2	10	108
1	2	10	109
1	2	10	110
1	2	10	111
1	2	10	112
1	2	10	113
1	2	10	114
1	2	10	115
1	2	10	116
1	2	10	117
1	2	10	118
1	2	10	119
1	2	10	120
1	2	10	121
1	2	10	122
1	2	10	123
1	2	10	124
1	2	10	125
1	2	10	126
1	2	10	127
1	2	11	0
1	2	11	1
1	2	11	2
1	2	11	3
1	2	11	4
1	2	11	5
1	2	11	6
1	2	11	7
1	2	11	8
1	2	11	9
1	2	11	10
1	2	11	11
1	2	11	12
1	2	11	13
1	2	11	14
1	2	11	15
1	2	11	16
1	2	11	17
1	2	11	18
1	2	11	19
1	2	11	20
1	2	11	21
1	2	11	22
1	2	11	23
1	2	11	24
1	2	11	25
1	2	11	26
1	2	11	27
1	2	11	28
1	2	11	29
1	2	11	30
1	2	11	31
1	2	11	32
1	2	11	33
1	2	11	34
1	2	11	35
1	2	11	36
1	2	11	37
1	2	11	38
1	2	11	39
1	2	11	40
1	2	11	41
1	2	11	42
1	2	11	43
1	2	11	44
1	2	11	45
1	2	11	46
1	2	11	47
1	2	11	48
1	2	11	49
1	2	11	50
1	2	11	51
1	2	11	52
1	2	11	53
1	2	11	54
1	2	11	55
1	2	11	56
1	2	11	57
1	2	11	58
1	2	11	59
1	2	11	60
1	2	11	61
1	2	11	62
1	2	11	63
1	2	11	64
1	2	11	65
1	2	11	66
1	2	11	67
1	2	11	68
1	2	11	69
1	2	11	70
1	2	11	71
1	2	11	72
1	2	11	73
1	2	11	74
1	2	11	75
1	2	11	76
1	2	11	77
1	2	11	78
1	2	11	79
1	2	11	80
1	2	11	81
1	2	11	82
1	2	11	83
1	2	11	84
1	2	11	85
1	2	11	86
1	2	11	87
1	2	11	88
1	2	11	89
1	2	11	90
1	2	11	91
1	2	11	92
1	2	11	93
1	2	11	94
1	2	11	95
1	2	11	96
1	2	11	97
1	2	11	98
1	2	11	99
1	2	11	100
1	2	11	101
1	2	11	102
1	2	11	103
1	2	11	104
1	2	11	105
1	2	11	106
1	2	11	107
1	2	11	108
1	2	11	109
1	2	11	110
1	2	11	111
1	2	11	112
1	2	11	113
1	2	11	114
1	2	11	115
1	2	11	116
1	2	11	117
1	2	11	118
1	2	11	119
1	2	11	120
1	2	11	121
1	2	11	122
1	2	11	123
1	2	11	124
1	2	11	125
1	2	11	126
1	2	11	127
1	2	12	0
1	2	12	1
1	2	12	2
1	2	12	3
1	2	12	4
1	2	12	5
1	2	12	6
1	2	12	7
1	2	12	8
1	2	12	9
1	2	12	10
1	2	12	11
1	2	12	12
1	2	12	13
1	2	12	14
1	2	12	15
1	2	12	16
1	2	12	17
1	2	12	18
1	2	12	19
1	2	12	20
1	2	12	21
1	2	12	22
1	2	12	23
1	2	12	24
1	2	12	25
1	2	12	26
1	2	12	27
1	2	12	28
1	2	12	29
1	2	12	30
1	2	12	31
1	2	12	32
1	2	12	33
1	2	12	34
1	2	12	35
1	2	12	36
1	2	12	37
1	2	12	38
1	2	12	39
1	2	12	40
1	2	12	41
1	2	12	42
1	2	12	43
1	2	12	44
1	2	12	45
1	2	12	46
1	2	12	47
1	2	12	48
1	2	12	49
1	2	12	50
1	2	12	51
1	2	12	52
1	2	12	53
1	2	12	54
1	2	12	55
1	2	12	56
1	2	12	57
1	2	12	58
1	2	12	59
1	2	12	60
1	2	12	61
1	2	12	62
1	2	12	63
1	2	12	64
1	2	12	65
1	2	12	66
1	2	12	67
1	2	12	68
1	2	12	69
1	2	12	70
1	2	12	71
1	2	12	72
1	2	12	73
1	2	12	74
1	2	12	75
1	2	12	76
1	2	12	77
1	2	12	78
1	2	12	79
1	2	12	80
1	2	12	81
1	2	12	82
1	2	12	83
1	2	12	84
1	2	12	85
1	2	12	86
1	2	12	87
1	2	12	88
1	2	12	89
1	2	12	90
1	2	12	91
1	2	12	92
1	2	12	93
1	2	12	94
1	2	12	95
1	2	12	96
1	2	12	97
1	2	12	98
1	2	12	99
1	2	12	100
1	2	12	101
1	2	12	102
1	2	12	103
1	2	12	104
1	2	12	105
1	2	12	106
1	2	12	107
1	2	12	108
1	2	12	109
1	2	12	110
1	2	12	111
1	2	12	112
1	2	12	113
1	2	12	114
1	2	12	115
1	2	12	116
1	2	12	117
1	2	12	118
1	2	12	119
1	2	12	120
1	2	12	121
1	2	12	122
1	2	12	123
1	2	12	124
1	2	12	125
1	2	12	126
1	2	12	127
1	2	13	0
1	2	13	1
1	2	13	2
1	2	13	3
1	2	13	4
1	2	13	5
1	2	13	6
1	2	13	7
1	2	13	8
1	2	13	9
1	2	13	10
1	2	13	11
1	2	13	12
1	2	13	13
1	2	13	14
1	2	13	15
1	2	13	16
1	2	13	17
1	2	13	18
1	2	13	19
1	2	13	20
1	2	13	21
1	2	13	22
1	2	13	23
1	2	13	24
1	2	13	25
1	2	13	26
1	2	13	27
1	2	13	28
1	2	13	29
1	2	13	30
1	2	13	31
1	2	13	32
1	2	13	33
1	2	13	34
1	2	13	35
1	2	13	36
1	2	13	37
1	2	13	38
1	2	13	39
1	2	13	40
1	2	13	41
1	2	13	42
1	2	13	43
1	2	13	44
1	2	13	45
1	2	13	46
1	2	13	47
1	2	13	48
1	2	13	49
1	2	13	50
1	2	13	51
1	2	13	52
1	2	13	53
1	2	13	54
1	2	13	55
1	2	13	56
1	2	13	57
1	2	13	58
1	2	13	59
1	2	13	60
1	2	13	61
1	2	13	62
1	2	13	63
1	2	13	64
1	2	13	65
1	2	13	66
1	2	13	67
1	2	13	68
1	2	13	69
1	2	13	70
1	2	13	71
1	2	13	72
1	2	13	73
1	2	13	74
1	2	13	75
1	2	13	76
1	2	13	77
1	2	13	78
1	2	13	79
1	2	13	80
1	2	13	81
1	2	13	82
1	2	13	83
1	2	13	84
1	2	13	85
1	2	13	86
1	2	13	87
1	2	13	88
1	2	13	89
1	2	13	90
1	2	13	91
1	2	13	92
1	2	13	93
1	2	13	94
1	2	13	95
1	2	13	96
1	2	13	97
1	2	13	98
1	2	13	99
1	2	13	100
1	2	13	101
1	2	13	102
1	2	13	103
1	2	13	104
1	2	13	105
1	2	13	106
1	2	13	107
1	2	13	108
1	2	13	109
1	2	13	110
1	2	13	111
1	2	13	112
1	2	13	113
1	2	13	114
1	2	13	115
1	2	13	116
1	2	13	117
1	2	13	118
1	2	13	119
1	2	13	120
1	2	13	121
1	2	13	122
1	2	13	123
1	2	13	124
1	2	13	125
1	2	13	126
1	2	13	127
1	2	14	0
1	2	14	1
1	2	14	2
1	2	14	3
1	2	14	4
1	2	14	5
1	2	14	6
1	2	14	7
1	2	14	8
1	2	14	9
1	2	14	10
1	2	14	11
1	2	14	12
1	2	14	13
1	2	14	14
1	2	14	15
1	2	14	16
1	2	14	17
1	2	14	18
1	2	14	19
1	2	14	20
1	2	14	21
1	2	14	22
1	2	14	23
1	2	14	24
1	2	14	25
1	2	14	26
1	2	14	27
1	2	14	28
1	2	14	29
1	2	14	30
1	2	14	31
1	2	14	32
1	2	14	33
1	2	14	34
1	2	14	35
1	2	14	36
1	2	14	37
1	2	14	38
1	2	14	39
1	2	14	40
1	2	14	41
1	2	14	42
1	2	14	43
1	2	14	44
1	2	14	45
1	2	14	46
1	2	14	47
1	2	14	48
1	2	14	49
1	2	14	50
1	2	14	51
1	2	14	52
1	2	14	53
1	2	14	54
1	2	14	55
1	2	14	56
1	2	14	57
1	2	14	58
1	2	14	59
1	2	14	60
1	2	14	61
1	2	14	62
1	2	14	63
1	2	14	64
1	2	14	65
1	2	14	66
1	2	14	67
1	2	14	68
1	2	14	69
1	2	14	70
1	2	14	71
1	2	14	72
1	2	14	73
1	2	14	74
1	2	14	75
1	2	14	76
1	2	14	77
1	2	14	78
1	2	14	79
1	2	14	80
1	2	14	81
1	2	14	82
1	2	14	83
1	2	14	84
1	2	14	85
1	2	14	86
1	2	14	87
1	2	14	88
1	2	14	89
1	2	14	90
1	2	14	91
1	2	14	92
1	2	14	93
1	2	14	94
1	2	14	95
1	2	14	96
1	2	14	97
1	2	14	98
1	2	14	99
1	2	14	100
1	2	14	101
1	2	14	102
1	2	14	103
1	2	14	104
1	2	14	105
1	2	14	106
1	2	14	107
1	2	14	108
1	2	14	109
1	2	14	110
1	2	14	111
1	2	14	112
1	2	14	113
1	2	14	114
1	2	14	115
1	2	14	116
1	2	14	117
1	2	14	118
1	2	14	119
1	2	14	120
1	2	14	121
1	2	14	122
1	2	14	123
1	2	14	124
1	2	14	125
1	2	14	126
1	2	14	127
1	2	15	0
1	2	15	1
1	2	15	2
1	2	15	3
1	2	15	4
1	2	15	5
1	2	15	6
1	2	15	7
1	2	15	8
1	2	15	9
1	2	15	10
1	2	15	11
1	2	15	12
1	2	15	13
1	2	15	14
1	2	15	15
1	2	15	16
1	2	15	17
1	2	15	18
1	2	15	19
1	2	15	20
1	2	15	21
1	2	15	22
1	2	15	23
1	2	15	24
1	2	15	25
1	2	15	26
1	2	15	27
1	2	15	28
1	2	15	29
1	2	15	30
1	2	15	31
1	2	15	32
1	2	15	33
1	2	15	34
1	2	15	35
1	2	15	36
1	2	15	37
1	2	15	38
1	2	15	39
1	2	15	40
1	2	15	41
1	2	15	42
1	2	15	43
1	2	15	44
1	2	15	45
1	2	15	46
1	2	15	47
1	2	15	48
1	2	15	49
1	2	15	50
1	2	15	51
1	2	15	52
1	2	15	53
1	2	15	54
1	2	15	55
1	2	15	56
1	2	15	57
1	2	15	58
1	2	15	59
1	2	15	60
1	2	15	61
1	2	15	62
1	2	15	63
1	2	15	64
1	2	15	65
1	2	15	66
1	2	15	67
1	2	15	68
1	2	15	69
1	2	15	70
1	2	15	71
1	2	15	72
1	2	15	73
1	2	15	74
1	2	15	75
1	2	15	76
1	2	15	77
1	2	15	78
1	2	15	79
1	2	15	80
1	2	15	81
1	2	15	82
1	2	15	83
1	2	15	84
1	2	15	85
1	2	15	86
1	2	15	87
1	2	15	88
1	2	15	89
1	2	15	90
1	2	15	91
1	2	15	92
1	2	15	93
1	2	15	94
1	2	15	95
1	2	15	96
1	2	15	97
1	2	15	98
1	2	15	99
1	2	15	100
1	2	15	101
1	2	15	102
1	2	15	103
1	2	15	104
1	2	15	105
1	2	15	106
1	2	15	107
1	2	15	108
1	2	15	109
1	2	15	110
1	2	15	111
1	2	15	112
1	2	15	113
1	2	15	114
1	2	15	115
1	2	15	116
1	2	15	117
1	2	15	118
1	2	15	119
1	2	15	120
1	2	15	121
1	2	15	122
1	2	15	123
1	2	15	124
1	2	15	125
1	2	15	126
1	2	15	127
1	2	16	0
1	2	16	1
1	2	16	2
1	2	16	3
1	2	16	4
1	2	16	5
1	2	16	6
1	2	16	7
1	2	16	8
1	2	16	9
1	2	16	10
1	2	16	11
1	2	16	12
1	2	16	13
1	2	16	14
1	2	16	15
1	2	16	16
1	2	16	17
1	2	16	18
1	2	16	19
1	2	16	20
1	2	16	21
1	2	16	22
1	2	16	23
1	2	16	24
1	2	16	25
1	2	16	26
1	2	16	27
1	2	16	28
1	2	16	29
1	2	16	30
1	2	16	31
1	2	16	32
1	2	16	33
1	2	16	34
1	2	16	35
1	2	16	36
1	2	16	37
1	2	16	38
1	2	16	39
1	2	16	40
1	2	16	41
1	2	16	42
1	2	16	43
1	2	16	44
1	2	16	45
1	2	16	46
1	2	16	47
1	2	16	48
1	2	16	49
1	2	16	50
1	2	16	51
1	2	16	52
1	2	16	53
1	2	16	54
1	2	16	55
1	2	16	56
1	2	16	57
1	2	16	58
1	2	16	59
1	2	16	60
1	2	16	61
1	2	16	62
1	2	16	63
1	2	16	64
1	2	16	65
1	2	16	66
1	2	16	67
1	2	16	68
1	2	16	69
1	2	16	70
1	2	16	71
1	2	16	72
1	2	16	73
1	2	16	74
1	2	16	75
1	2	16	76
1	2	16	77
1	2	16	78
1	2	16	79
1	2	16	80
1	2	16	81
1	2	16	82
1	2	16	83
1	2	16	84
1	2	16	85
1	2	16	86
1	2	16	87
1	2	16	88
1	2	16	89
1	2	16	90
1	2	16	91
1	2	16	92
1	2	16	93
1	2	16	94
1	2	16	95
1	2	16	96
1	2	16	97
1	2	16	98
1	2	16	99
1	2	16	100
1	2	16	101
1	2	16	102
1	2	16	103
1	2	16	104
1	2	16	105
1	2	16	106
1	2	16	107
1	2	16	108
1	2	16	109
1	2	16	110
1	2	16	111
1	2	16	112
1	2	16	113
1	2	16	114
1	2	16	115
1	2	16	116
1	2	16	117
1	2	16	118
1	2	16	119
1	2	16	120
1	2	16	121
1	2	16	122
1	2	16	123
1	2	16	124
1	2	16	125
1	2	16	126
1	2	16	127
1	2	17	0
1	2	17	1
1	2	17	2
1	2	17	3
1	2	17	4
1	2	17	5
1	2	17	6
1	2	17	7
1	2	17	8
1	2	17	9
1	2	17	10
1	2	17	11
1	2	17	12
1	2	17	13
1	2	17	14
1	2	17	15
1	2	17	16
1	2	17	17
1	2	17	18
1	2	17	19
1	2	17	20
1	2	17	21
1	2	17	22
1	2	17	23
1	2	17	24
1	2	17	25
1	2	17	26
1	2	17	27
1	2	17	28
1	2	17	29
1	2	17	30
1	2	17	31
1	2	17	32
1	2	17	33
1	2	17	34
1	2	17	35
1	2	17	36
1	2	17	37
1	2	17	38
1	2	17	39
1	2	17	40
1	2	17	41
1	2	17	42
1	2	17	43
1	2	17	44
1	2	17	45
1	2	17	46
1	2	17	47
1	2	17	48
1	2	17	49
1	2	17	50
1	2	17	51
1	2	17	52
1	2	17	53
1	2	17	54
1	2	17	55
1	2	17	56
1	2	17	57
1	2	17	58
1	2	17	59
1	2	17	60
1	2	17	61
1	2	17	62
1	2	17	63
1	2	17	64
1	2	17	65
1	2	17	66
1	2	17	67
1	2	17	68
1	2	17	69
1	2	17	70
1	2	17	71
1	2	17	72
1	2	17	73
1	2	17	74
1	2	17	75
1	2	17	76
1	2	17	77
1	2	17	78
1	2	17	79
1	2	17	80
1	2	17	81
1	2	17	82
1	2	17	83
1	2	17	84
1	2	17	85
1	2	17	86
1	2	17	87
1	2	17	88
1	2	17	89
1	2	17	90
1	2	17	91
1	2	17	92
1	2	17	93
1	2	17	94
1	2	17	95
1	2	17	96
1	2	17	97
1	2	17	98
1	2	17	99
1	2	17	100
1	2	17	101
1	2	17	102
1	2	17	103
1	2	17	104
1	2	17	105
1	2	17	106
1	2	17	107
1	2	17	108
1	2	17	109
1	2	17	110
1	2	17	111
1	2	17	112
1	2	17	113
1	2	17	114
1	2	17	115
1	2	17	116
1	2	17	117
1	2	17	118
1	2	17	119
1	2	17	120
1	2	17	121
1	2	17	122
1	2	17	123
1	2	17	124
1	2	17	125
1	2	17	126
1	2	17	127
1	2	18	0
1	2	18	1
1	2	18	2
1	2	18	3
1	2	18	4
1	2	18	5
1	2	18	6
1	2	18	7
1	2	18	8
1	2	18	9
1	2	18	10
1	2	18	11
1	2	18	12
1	2	18	13
1	2	18	14
1	2	18	15
1	2	18	16
1	2	18	17
1	2	18	18
1	2	18	19
1	2	18	20
1	2	18	21
1	2	18	22
1	2	18	23
1	2	18	24
1	2	18	25
1	2	18	26
1	2	18	27
1	2	18	28
1	2	18	29
1	2	18	30
1	2	18	31
1	2	18	32
1	2	18	33
1	2	18	34
1	2	18	35
1	2	18	36
1	2	18	37
1	2	18	38
1	2	18	39
1	2	18	40
1	2	18	41
1	2	18	42
1	2	18	43
1	2	18	44
1	2	18	45
1	2	18	46
1	2	18	47
1	2	18	48
1	2	18	49
1	2	18	50
1	2	18	51
1	2	18	52
1	2	18	53
1	2	18	54
1	2	18	55
1	2	18	56
1	2	18	57
1	2	18	58
1	2	18	59
1	2	18	60
1	2	18	61
1	2	18	62
1	2	18	63
1	2	18	64
1	2	18	65
1	2	18	66
1	2	18	67
1	2	18	68
1	2	18	69
1	2	18	70
1	2	18	71
1	2	18	72
1	2	18	73
1	2	18	74
1	2	18	75
1	2	18	76
1	2	18	77
1	2	18	78
1	2	18	79
1	2	18	80
1	2	18	81
1	2	18	82
1	2	18	83
1	2	18	84
1	2	18	85
1	2	18	86
1	2	18	87
1	2	18	88
1	2	18	89
1	2	18	90
1	2	18	91
1	2	18	92
1	2	18	93
1	2	18	94
1	2	18	95
1	2	18	96
1	2	18	97
1	2	18	98
1	2	18	99
1	2	18	100
1	2	18	101
1	2	18	102
1	2	18	103
1	2	18	104
1	2	18	105
1	2	18	106
1	2	18	107
1	2	18	108
1	2	18	109
1	2	18	110
1	2	18	111
1	2	18	112
1	2	18	113
1	2	18	114
1	2	18	115
1	2	18	116
1	2	18	117
1	2	18	118
1	2	18	119
1	2	18	120
1	2	18	121
1	2	18	122
1	2	18	123
1	2	18	124
1	2	18	125
1	2	18	126
1	2	18	127
1	2	19	0
1	2	19	1
1	2	19	2
1	2	19	3
1	2	19	4
1	2	19	5
1	2	19	6
1	2	19	7
1	2	19	8
1	2	19	9
1	2	19	10
1	2	19	11
1	2	19	12
1	2	19	13
1	2	19	14
1	2	19	15
1	2	19	16
1	2	19	17
1	2	19	18
1	2	19	19
1	2	19	20
1	2	19	21
1	2	19	22
1	2	19	23
1	2	19	24
1	2	19	25
1	2	19	26
1	2	19	27
1	2	19	28
1	2	19	29
1	2	19	30
1	2	19	31
1	2	19	32
1	2	19	33
1	2	19	34
1	2	19	35
1	2	19	36
1	2	19	37
1	2	19	38
1	2	19	39
1	2	19	40
1	2	19	41
1	2	19	42
1	2	19	43
1	2	19	44
1	2	19	45
1	2	19	46
1	2	19	47
1	2	19	48
1	2	19	49
1	2	19	50
1	2	19	51
1	2	19	52
1	2	19	53
1	2	19	54
1	2	19	55
1	2	19	56
1	2	19	57
1	2	19	58
1	2	19	59
1	2	19	60
1	2	19	61
1	2	19	62
1	2	19	63
1	2	19	64
1	2	19	65
1	2	19	66
1	2	19	67
1	2	19	68
1	2	19	69
1	2	19	70
1	2	19	71
1	2	19	72
1	2	19	73
1	2	19	74
1	2	19	75
1	2	19	76
1	2	19	77
1	2	19	78
1	2	19	79
1	2	19	80
1	2	19	81
1	2	19	82
1	2	19	83
1	2	19	84
1	2	19	85
1	2	19	86
1	2	19	87
1	2	19	88
1	2	19	89
1	2	19	90
1	2	19	91
1	2	19	92
1	2	19	93
1	2	19	94
1	2	19	95
1	2	19	96
1	2	19	97
1	2	19	98
1	2	19	99
1	2	19	100
1	2	19	101
1	2	19	102
1	2	19	103
1	2	19	104
1	2	19	105
1	2	19	106
1	2	19	107
1	2	19	108
1	2	19	109
1	2	19	110
1	2	19	111
1	2	19	112
1	2	19	113
1	2	19	114
1	2	19	115
1	2	19	116
1	2	19	117
1	2	19	118
1	2	19	119
1	2	19	120
1	2	19	121
1	2	19	122
1	2	19	123
1	2	19	124
1	2	19	125
1	2	19	126
1	2	19	127
1	2	20	0
1	2	20	1
1	2	20	2
1	2	20	3
1	2	20	4
1	2	20	5
1	2	20	6
1	2	20	7
1	2	20	8
1	2	20	9
1	2	20	10
1	2	20	11
1	2	20	12
1	2	20	13
1	2	20	14
1	2	20	15
1	2	20	16
1	2	20	17
1	2	20	18
1	2	20	19
1	2	20	20
1	2	20	21
1	2	20	22
1	2	20	23
1	2	20	24
1	2	20	25
1	2	20	26
1	2	20	27
1	2	20	28
1	2	20	29
1	2	20	30
1	2	20	31
1	2	20	32
1	2	20	33
1	2	20	34
1	2	20	35
1	2	20	36
1	2	20	37
1	2	20	38
1	2	20	39
1	2	20	40
1	2	20	41
1	2	20	42
1	2	20	43
1	2	20	44
1	2	20	45
1	2	20	46
1	2	20	47
1	2	20	48
1	2	20	49
1	2	20	50
1	2	20	51
1	2	20	52
1	2	20	53
1	2	20	54
1	2	20	55
1	2	20	56
1	2	20	57
1	2	20	58
1	2	20	59
1	2	20	60
1	2	20	61
1	2	20	62
1	2	20	63
1	2	20	64
1	2	20	65
1	2	20	66
1	2	20	67
1	2	20	68
1	2	20	69
1	2	20	70
1	2	20	71
1	2	20	72
1	2	20	73
1	2	20	74
1	2	20	75
1	2	20	76
1	2	20	77
1	2	20	78
1	2	20	79
1	2	20	80
1	2	20	81
1	2	20	82
1	2	20	83
1	2	20	84
1	2	20	85
1	2	20	86
1	2	20	87
1	2	20	88
1	2	20	89
1	2	20	90
1	2	20	91
1	2	20	92
1	2	20	93
1	2	20	94
1	2	20	95
1	2	20	96
1	2	20	97
1	2	20	98
1	2	20	99
1	2	20	100
1	2	20	101
1	2	20	102
1	2	20	103
1	2	20	104
1	2	20	105
1	2	20	106
1	2	20	107
1	2	20	108
1	2	20	109
1	2	20	110
1	2	20	111
1	2	20	112
1	2	20	113
1	2	20	114
1	2	20	115
1	2	20	116
1	2	20	117
1	2	20	118
1	2	20	119
1	2	20	120
1	2	20	121
1	2	20	122
1	2	20	123
1	2	20	124
1	2	20	125
1	2	20	126
1	2	20	127
1	2	21	0
1	2	21	1
1	2	21	2
1	2	21	3
1	2	21	4
1	2	21	5
1	2	21	6
1	2	21	7
1	2	21	8
1	2	21	9
1	2	21	10
1	2	21	11
1	2	21	12
1	2	21	13
1	2	21	14
1	2	21	15
1	2	21	16
1	2	21	17
1	2	21	18
1	2	21	19
1	2	21	20
1	2	21	21
1	2	21	22
1	2	21	23
1	2	21	24
1	2	21	25
1	2	21	26
1	2	21	27
1	2	21	28
1	2	21	29
1	2	21	30
1	2	21	31
1	2	21	32
1	2	21	33
1	2	21	34
1	2	21	35
1	2	21	36
1	2	21	37
1	2	21	38
1	2	21	39
1	2	21	40
1	2	21	41
1	2	21	42
1	2	21	43
1	2	21	44
1	2	21	45
1	2	21	46
1	2	21	47
1	2	21	48
1	2	21	49
1	2	21	50
1	2	21	51
1	2	21	52
1	2	21	53
1	2	21	54
1	2	21	55
1	2	21	56
1	2	21	57
1	2	21	58
1	2	21	59
1	2	21	60
1	2	21	61
1	2	21	62
1	2	21	63
1	2	21	64
1	2	21	65
1	2	21	66
1	2	21	67
1	2	21	68
1	2	21	69
1	2	21	70
1	2	21	71
1	2	21	72
1	2	21	73
1	2	21	74
1	2	21	75
1	2	21	76
1	2	21	77
1	2	21	78
1	2	21	79
1	2	21	80
1	2	21	81
1	2	21	82
1	2	21	83
1	2	21	84
1	2	21	85
1	2	21	86
1	2	21	87
1	2	21	88
1	2	21	89
1	2	21	90
1	2	21	91
1	2	21	92
1	2	21	93
1	2	21	94
1	2	21	95
1	2	21	96
1	2	21	97
1	2	21	98
1	2	21	99
1	2	21	100
1	2	21	101
1	2	21	102
1	2	21	103
1	2	21	104
1	2	21	105
1	2	21	106
1	2	21	107
1	2	21	108
1	2	21	109
1	2	21	110
1	2	21	111
1	2	21	112
1	2	21	113
1	2	21	114
1	2	21	115
1	2	21	116
1	2	21	117
1	2	21	118
1	2	21	119
1	2	21	120
1	2	21	121
1	2	21	122
1	2	21	123
1	2	21	124
1	2	21	125
1	2	21	126
1	2	21	127
1	2	22	0
1	2	22	1
1	2	22	2
1	2	22	3
1	2	22	4
1	2	22	5
1	2	22	6
1	2	22	7
1	2	22	8
1	2	22	9
1	2	22	10
1	2	22	11
1	2	22	12
1	2	22	13
1	2	22	14
1	2	22	15
1	2	22	16
1	2	22	17
1	2	22	18
1	2	22	19
1	2	22	20
1	2	22	21
1	2	22	22
1	2	22	23
1	2	22	24
1	2	22	25
1	2	22	26
1	2	22	27
1	2	22	28
1	2	22	29
1	2	22	30
1	2	22	31
1	2	22	32
1	2	22	33
1	2	22	34
1	2	22	35
1	2	22	36
1	2	22	37
1	2	22	38
1	2	22	39
1	2	22	40
1	2	22	41
1	2	22	42
1	2	22	43
1	2	22	44
1	2	22	45
1	2	22	46
1	2	22	47
1	2	22	48
1	2	22	49
1	2	22	50
1	2	22	51
1	2	22	52
1	2	22	53
1	2	22	54
1	2	22	55
1	2	22	56
1	2	22	57
1	2	22	58
1	2	22	59
1	2	22	60
1	2	22	61
1	2	22	62
1	2	22	63
1	2	22	64
1	2	22	65
1	2	22	66
1	2	22	67
1	2	22	68
1	2	22	69
1	2	22	70
1	2	22	71
1	2	22	72
1	2	22	73
1	2	22	74
1	2	22	75
1	2	22	76
1	2	22	77
1	2	22	78
1	2	22	79
1	2	22	80
1	2	22	81
1	2	22	82
1	2	22	83
1	2	22	84
1	2	22	85
1	2	22	86
1	2	22	87
1	2	22	88
1	2	22	89
1	2	22	90
1	2	22	91
1	2	22	92
1	2	22	93
1	2	22	94
1	2	22	95
1	2	22	96
1	2	22	97
1	2	22	98
1	2	22	99
1	2	22	100
1	2	22	101
1	2	22	102
1	2	22	103
1	2	22	104
1	2	22	105
1	2	22	106
1	2	22	107
1	2	22	108
1	2	22	109
1	2	22	110
1	2	22	111
1	2	22	112
1	2	22	113
1	2	22	114
1	2	22	115
1	2	22	116
1	2	22	117
1	2	22	118
1	2	22	119
1	2	22	120
1	2	22	121
1	2	22	122
1	2	22	123
1	2	22	124
1	2	22	125
1	2	22	126
1	2	22	127
1	2	23	0
1	2	23	1
1	2	23	2
1	2	23	3
1	2	23	4
1	2	23	5
1	2	23	6
1	2	23	7
1	2	23	8
1	2	23	9
1	2	23	10
1	2	23	11
1	2	23	12
1	2	23	13
1	2	23	14
1	2	23	15
1	2	23	16
1	2	23	17
1	2	23	18
1	2	23	19
1	2	23	20
1	2	23	21
1	2	23	22
1	2	23	23
1	2	23	24
1	2	23	25
1	2	23	26
1	2	23	27
1	2	23	28
1	2	23	29
1	2	23	30
1	2	23	31
1	2	23	32
1	2	23	33
1	2	23	34
1	2	23	35
1	2	23	36
1	2	23	37
1	2	23	38
1	2	23	39
1	2	23	40
1	2	23	41
1	2	23	42
1	2	23	43
1	2	23	44
1	2	23	45
1	2	23	46
1	2	23	47
1	2	23	48
1	2	23	49
1	2	23	50
1	2	23	51
1	2	23	52
1	2	23	53
1	2	23	54
1	2	23	55
1	2	23	56
1	2	23	57
1	2	23	58
1	2	23	59
1	2	23	60
1	2	23	61
1	2	23	62
1	2	23	63
1	2	23	64
1	2	23	65
1	2	23	66
1	2	23	67
1	2	23	68
1	2	23	69
1	2	23	70
1	2	23	71
1	2	23	72
1	2	23	73
1	2	23	74
1	2	23	75
1	2	23	76
1	2	23	77
1	2	23	78
1	2	23	79
1	2	23	80
1	2	23	81
1	2	23	82
1	2	23	83
1	2	23	84
1	2	23	85
1	2	23	86
1	2	23	87
1	2	23	88
1	2	23	89
1	2	23	90
1	2	23	91
1	2	23	92
1	2	23	93
1	2	23	94
1	2	23	95
1	2	23	96
1	2	23	97
1	2	23	98
1	2	23	99
1	2	23	100
1	2	23	101
1	2	23	102
1	2	23	103
1	2	23	104
1	2	23	105
1	2	23	106
1	2	23	107
1	2	23	108
1	2	23	109
1	2	23	110
1	2	23	111
1	2	23	112
1	2	23	113
1	2	23	114
1	2	23	115
1	2	23	116
1	2	23	117
1	2	23	118
1	2	23	119
1	2	23	120
1	2	23	121
1	2	23	122
1	2	23	123
1	2	23	124
1	2	23	125
1	2	23	126
1	2	23	127
1	2	24	0
1	2	24	1
1	2	24	2
1	2	24	3
1	2	24	4
1	2	24	5
1	2	24	6
1	2	24	7
1	2	24	8
1	2	24	9
1	2	24	10
1	2	24	11
1	2	24	12
1	2	24	13
1	2	24	14
1	2	24	15
1	2	24	16
1	2	24	17
1	2	24	18
1	2	24	19
1	2	24	20
1	2	24	21
1	2	24	22
1	2	24	23
1	2	24	24
1	2	24	25
1	2	24	26
1	2	24	27
1	2	24	28
1	2	24	29
1	2	24	30
1	2	24	31
1	2	24	32
1	2	24	33
1	2	24	34
1	2	24	35
1	2	24	36
1	2	24	37
1	2	24	38
1	2	24	39
1	2	24	40
1	2	24	41
1	2	24	42
1	2	24	43
1	2	24	44
1	2	24	45
1	2	24	46
1	2	24	47
1	2	24	48
1	2	24	49
1	2	24	50
1	2	24	51
1	2	24	52
1	2	24	53
1	2	24	54
1	2	24	55
1	2	24	56
1	2	24	57
1	2	24	58
1	2	24	59
1	2	24	60
1	2	24	61
1	2	24	62
1	2	24	63
1	2	24	64
1	2	24	65
1	2	24	66
1	2	24	67
1	2	24	68
1	2	24	69
1	2	24	70
1	2	24	71
1	2	24	72
1	2	24	73
1	2	24	74
1	2	24	75
1	2	24	76
1	2	24	77
1	2	24	78
1	2	24	79
1	2	24	80
1	2	24	81
1	2	24	82
1	2	24	83
1	2	24	84
1	2	24	85
1	2	24	86
1	2	24	87
1	2	24	88
1	2	24	89
1	2	24	90
1	2	24	91
1	2	24	92
1	2	24	93
1	2	24	94
1	2	24	95
1	2	24	96
1	2	24	97
1	2	24	98
1	2	24	99
1	2	24	100
1	2	24	101
1	2	24	102
1	2	24	103
1	2	24	104
1	2	24	105
1	2	24	106
1	2	24	107
1	2	24	108
1	2	24	109
1	2	24	110
1	2	24	111
1	2	24	112
1	2	24	113
1	2	24	114
1	2	24	115
1	2	24	116
1	2	24	117
1	2	24	118
1	2	24	119
1	2	24	120
1	2	24	121
1	2	24	122
1	2	24	123
1	2	24	124
1	2	24	125
1	2	24	126
1	2	24	127
1	2	25	0
1	2	25	1
1	2	25	2
1	2	25	3
1	2	25	4
1	2	25	5
1	2	25	6
1	2	25	7
1	2	25	8
1	2	25	9
1	2	25	10
1	2	25	11
1	2	25	12
1	2	25	13
1	2	25	14
1	2	25	15
1	2	25	16
1	2	25	17
1	2	25	18
1	2	25	19
1	2	25	20
1	2	25	21
1	2	25	22
1	2	25	23
1	2	25	24
1	2	25	25
1	2	25	26
1	2	25	27
1	2	25	28
1	2	25	29
1	2	25	30
1	2	25	31
1	2	25	32
1	2	25	33
1	2	25	34
1	2	25	35
1	2	25	36
1	2	25	37
1	2	25	38
1	2	25	39
1	2	25	40
1	2	25	41
1	2	25	42
1	2	25	43
1	2	25	44
1	2	25	45
1	2	25	46
1	2	25	47
1	2	25	48
1	2	25	49
1	2	25	50
1	2	25	51
1	2	25	52
1	2	25	53
1	2	25	54
1	2	25	55
1	2	25	56
1	2	25	57
1	2	25	58
1	2	25	59
1	2	25	60
1	2	25	61
1	2	25	62
1	2	25	63
1	2	25	64
1	2	25	65
1	2	25	66
1	2	25	67
1	2	25	68
1	2	25	69
1	2	25	70
1	2	25	71
1	2	25	72
1	2	25	73
1	2	25	74
1	2	25	75
1	2	25	76
1	2	25	77
1	2	25	78
1	2	25	79
1	2	25	80
1	2	25	81
1	2	25	82
1	2	25	83
1	2	25	84
1	2	25	85
1	2	25	86
1	2	25	87
1	2	25	88
1	2	25	89
1	2	25	90
1	2	25	91
1	2	25	92
1	2	25	93
1	2	25	94
1	2	25	95
1	2	25	96
1	2	25	97
1	2	25	98
1	2	25	99
1	2	25	100
1	2	25	101
1	2	25	102
1	2	25	103
1	2	25	104
1	2	25	105
1	2	25	106
1	2	25	107
1	2	25	108
1	2	25	109
1	2	25	110
1	2	25	111
1	2	25	112
1	2	25	113
1	2	25	114
1	2	25	115
1	2	25	116
1	2	25	117
1	2	25	118
1	2	25	119
1	2	25	120
1	2	25	121
1	2	25	122
1	2	25	123
1	2	25	124
1	2	25	125
1	2	25	126
1	2	25	127
1	10	17	83
1	10	17	86
2	1	7	0
3	13	18	0
5	3	15	126
5	3	15	127
6	10	11	0
