# FELIX	FELIX_CH	CHIP	CHANNEL
0	6	6	1
0	6	6	2
0	6	6	3
0	6	6	4
0	6	6	5
0	6	6	6
0	6	6	7
0	6	6	9
0	6	6	10
0	6	6	11
0	6	6	13
0	6	6	14
0	6	6	15
0	6	6	18
0	6	6	20
0	6	6	21
0	6	6	22
0	6	6	23
0	6	6	26
0	6	6	27
0	6	6	29
0	6	6	30
0	6	6	31
0	6	6	37
0	6	6	38
0	6	6	39
0	6	6	41
0	6	6	43
0	6	6	45
0	6	6	47
0	6	6	52
0	6	6	53
0	6	6	54
0	6	6	55
0	6	6	58
0	6	6	59
0	6	6	61
0	6	6	62
0	6	6	63
0	6	6	65
0	6	6	66
0	6	6	67
0	6	6	69
0	6	6	70
0	6	6	71
0	6	6	73
0	6	6	74
0	6	6	75
0	6	6	76
0	6	6	77
0	6	6	78
0	6	6	79
0	6	6	82
0	6	6	83
0	6	6	84
0	6	6	85
0	6	6	86
0	6	6	87
0	6	6	90
0	6	6	91
0	6	6	92
0	6	6	93
0	6	6	94
0	6	6	95
0	6	6	97
0	6	6	98
0	6	6	99
0	6	6	100
0	6	6	101
0	6	6	102
0	6	6	103
0	6	6	105
0	6	6	106
0	6	6	107
0	6	6	108
0	6	6	109
0	6	6	110
0	6	6	111
0	6	6	112
0	6	6	114
0	6	6	115
0	6	6	116
0	6	6	117
0	6	6	118
0	6	6	119
0	6	6	120
0	6	6	121
0	6	6	122
0	6	6	123
0	6	6	124
0	6	6	125
0	6	6	126
0	6	6	127
1	2	14	0
1	2	16	0
1	10	17	86
2	1	7	0
3	2	0	0
3	2	0	1
3	2	0	2
3	2	0	3
3	2	0	4
3	2	0	5
3	2	0	6
3	2	0	7
3	2	0	8
3	2	0	9
3	2	0	10
3	2	0	11
3	2	0	12
3	2	0	13
3	2	0	14
3	2	0	15
3	2	0	16
3	2	0	17
3	2	0	18
3	2	0	19
3	2	0	20
3	2	0	21
3	2	0	22
3	2	0	23
3	2	0	24
3	2	0	25
3	2	0	26
3	2	0	27
3	2	0	28
3	2	0	29
3	2	0	30
3	2	0	31
3	2	0	32
3	2	0	33
3	2	0	34
3	2	0	35
3	2	0	36
3	2	0	37
3	2	0	38
3	2	0	39
3	2	0	40
3	2	0	41
3	2	0	42
3	2	0	43
3	2	0	44
3	2	0	45
3	2	0	46
3	2	0	47
3	2	0	48
3	2	0	49
3	2	0	50
3	2	0	51
3	2	0	52
3	2	0	53
3	2	0	54
3	2	0	55
3	2	0	56
3	2	0	57
3	2	0	58
3	2	0	59
3	2	0	60
3	2	0	61
3	2	0	62
3	2	0	63
3	2	0	64
3	2	0	65
3	2	0	66
3	2	0	67
3	2	0	68
3	2	0	69
3	2	0	70
3	2	0	71
3	2	0	72
3	2	0	73
3	2	0	74
3	2	0	75
3	2	0	76
3	2	0	77
3	2	0	78
3	2	0	79
3	2	0	80
3	2	0	81
3	2	0	82
3	2	0	83
3	2	0	84
3	2	0	85
3	2	0	86
3	2	0	87
3	2	0	88
3	2	0	89
3	2	0	90
3	2	0	91
3	2	0	92
3	2	0	93
3	2	0	94
3	2	0	95
3	2	0	96
3	2	0	97
3	2	0	98
3	2	0	99
3	2	0	100
3	2	0	101
3	2	0	102
3	2	0	103
3	2	0	104
3	2	0	105
3	2	0	106
3	2	0	107
3	2	0	108
3	2	0	109
3	2	0	110
3	2	0	111
3	2	0	112
3	2	0	113
3	2	0	114
3	2	0	115
3	2	0	116
3	2	0	117
3	2	0	118
3	2	0	119
3	2	0	120
3	2	0	121
3	2	0	122
3	2	0	123
3	2	0	124
3	2	0	125
3	2	0	126
3	2	0	127
3	2	1	0
3	2	1	1
3	2	1	2
3	2	1	3
3	2	1	4
3	2	1	5
3	2	1	6
3	2	1	7
3	2	1	8
3	2	1	9
3	2	1	10
3	2	1	11
3	2	1	12
3	2	1	13
3	2	1	14
3	2	1	15
3	2	1	16
3	2	1	17
3	2	1	18
3	2	1	19
3	2	1	20
3	2	1	21
3	2	1	22
3	2	1	23
3	2	1	24
3	2	1	25
3	2	1	26
3	2	1	27
3	2	1	28
3	2	1	29
3	2	1	30
3	2	1	31
3	2	1	32
3	2	1	33
3	2	1	34
3	2	1	35
3	2	1	36
3	2	1	37
3	2	1	38
3	2	1	39
3	2	1	40
3	2	1	41
3	2	1	42
3	2	1	43
3	2	1	44
3	2	1	45
3	2	1	46
3	2	1	47
3	2	1	48
3	2	1	49
3	2	1	50
3	2	1	51
3	2	1	52
3	2	1	53
3	2	1	54
3	2	1	55
3	2	1	56
3	2	1	57
3	2	1	58
3	2	1	59
3	2	1	60
3	2	1	61
3	2	1	62
3	2	1	63
3	2	1	64
3	2	1	65
3	2	1	66
3	2	1	67
3	2	1	68
3	2	1	69
3	2	1	70
3	2	1	71
3	2	1	72
3	2	1	73
3	2	1	74
3	2	1	75
3	2	1	76
3	2	1	77
3	2	1	78
3	2	1	79
3	2	1	80
3	2	1	81
3	2	1	82
3	2	1	83
3	2	1	84
3	2	1	85
3	2	1	86
3	2	1	87
3	2	1	88
3	2	1	89
3	2	1	90
3	2	1	91
3	2	1	92
3	2	1	93
3	2	1	94
3	2	1	95
3	2	1	96
3	2	1	97
3	2	1	98
3	2	1	99
3	2	1	100
3	2	1	101
3	2	1	102
3	2	1	103
3	2	1	104
3	2	1	105
3	2	1	106
3	2	1	107
3	2	1	108
3	2	1	109
3	2	1	110
3	2	1	111
3	2	1	112
3	2	1	113
3	2	1	114
3	2	1	115
3	2	1	116
3	2	1	117
3	2	1	118
3	2	1	119
3	2	1	120
3	2	1	121
3	2	1	122
3	2	1	123
3	2	1	124
3	2	1	125
3	2	1	126
3	2	1	127
3	2	2	0
3	2	2	1
3	2	2	2
3	2	2	3
3	2	2	4
3	2	2	5
3	2	2	6
3	2	2	7
3	2	2	8
3	2	2	9
3	2	2	10
3	2	2	11
3	2	2	12
3	2	2	13
3	2	2	14
3	2	2	15
3	2	2	16
3	2	2	17
3	2	2	18
3	2	2	19
3	2	2	20
3	2	2	21
3	2	2	22
3	2	2	23
3	2	2	24
3	2	2	25
3	2	2	26
3	2	2	27
3	2	2	28
3	2	2	29
3	2	2	30
3	2	2	31
3	2	2	32
3	2	2	33
3	2	2	34
3	2	2	35
3	2	2	36
3	2	2	37
3	2	2	38
3	2	2	39
3	2	2	40
3	2	2	41
3	2	2	42
3	2	2	43
3	2	2	44
3	2	2	45
3	2	2	46
3	2	2	47
3	2	2	48
3	2	2	49
3	2	2	50
3	2	2	51
3	2	2	52
3	2	2	53
3	2	2	54
3	2	2	55
3	2	2	56
3	2	2	57
3	2	2	58
3	2	2	59
3	2	2	60
3	2	2	61
3	2	2	62
3	2	2	63
3	2	2	64
3	2	2	65
3	2	2	66
3	2	2	67
3	2	2	68
3	2	2	69
3	2	2	70
3	2	2	71
3	2	2	72
3	2	2	73
3	2	2	74
3	2	2	75
3	2	2	76
3	2	2	77
3	2	2	78
3	2	2	79
3	2	2	80
3	2	2	81
3	2	2	82
3	2	2	83
3	2	2	84
3	2	2	85
3	2	2	86
3	2	2	87
3	2	2	88
3	2	2	89
3	2	2	90
3	2	2	91
3	2	2	92
3	2	2	93
3	2	2	94
3	2	2	95
3	2	2	96
3	2	2	97
3	2	2	98
3	2	2	99
3	2	2	100
3	2	2	101
3	2	2	102
3	2	2	103
3	2	2	104
3	2	2	105
3	2	2	106
3	2	2	107
3	2	2	108
3	2	2	109
3	2	2	110
3	2	2	111
3	2	2	112
3	2	2	113
3	2	2	114
3	2	2	115
3	2	2	116
3	2	2	117
3	2	2	118
3	2	2	119
3	2	2	120
3	2	2	121
3	2	2	122
3	2	2	123
3	2	2	124
3	2	2	125
3	2	2	126
3	2	2	127
3	2	3	0
3	2	3	1
3	2	3	2
3	2	3	3
3	2	3	4
3	2	3	5
3	2	3	6
3	2	3	7
3	2	3	8
3	2	3	9
3	2	3	10
3	2	3	11
3	2	3	12
3	2	3	13
3	2	3	14
3	2	3	15
3	2	3	16
3	2	3	17
3	2	3	18
3	2	3	19
3	2	3	20
3	2	3	21
3	2	3	22
3	2	3	23
3	2	3	24
3	2	3	25
3	2	3	26
3	2	3	27
3	2	3	28
3	2	3	29
3	2	3	30
3	2	3	31
3	2	3	32
3	2	3	33
3	2	3	34
3	2	3	35
3	2	3	36
3	2	3	37
3	2	3	38
3	2	3	39
3	2	3	40
3	2	3	41
3	2	3	42
3	2	3	43
3	2	3	44
3	2	3	45
3	2	3	46
3	2	3	47
3	2	3	48
3	2	3	49
3	2	3	50
3	2	3	51
3	2	3	52
3	2	3	53
3	2	3	54
3	2	3	55
3	2	3	56
3	2	3	57
3	2	3	58
3	2	3	59
3	2	3	60
3	2	3	61
3	2	3	62
3	2	3	63
3	2	3	64
3	2	3	65
3	2	3	66
3	2	3	67
3	2	3	68
3	2	3	69
3	2	3	70
3	2	3	71
3	2	3	72
3	2	3	73
3	2	3	74
3	2	3	75
3	2	3	76
3	2	3	77
3	2	3	78
3	2	3	79
3	2	3	80
3	2	3	81
3	2	3	82
3	2	3	83
3	2	3	84
3	2	3	85
3	2	3	86
3	2	3	87
3	2	3	88
3	2	3	89
3	2	3	90
3	2	3	91
3	2	3	92
3	2	3	93
3	2	3	94
3	2	3	95
3	2	3	96
3	2	3	97
3	2	3	98
3	2	3	99
3	2	3	100
3	2	3	101
3	2	3	102
3	2	3	103
3	2	3	104
3	2	3	105
3	2	3	106
3	2	3	107
3	2	3	108
3	2	3	109
3	2	3	110
3	2	3	111
3	2	3	112
3	2	3	113
3	2	3	114
3	2	3	115
3	2	3	116
3	2	3	117
3	2	3	118
3	2	3	119
3	2	3	120
3	2	3	121
3	2	3	122
3	2	3	123
3	2	3	124
3	2	3	125
3	2	3	126
3	2	3	127
3	2	4	0
3	2	4	1
3	2	4	2
3	2	4	3
3	2	4	4
3	2	4	5
3	2	4	6
3	2	4	7
3	2	4	8
3	2	4	9
3	2	4	10
3	2	4	11
3	2	4	12
3	2	4	13
3	2	4	14
3	2	4	15
3	2	4	16
3	2	4	17
3	2	4	18
3	2	4	19
3	2	4	20
3	2	4	21
3	2	4	22
3	2	4	23
3	2	4	24
3	2	4	25
3	2	4	26
3	2	4	27
3	2	4	28
3	2	4	29
3	2	4	30
3	2	4	31
3	2	4	32
3	2	4	33
3	2	4	34
3	2	4	35
3	2	4	36
3	2	4	37
3	2	4	38
3	2	4	39
3	2	4	40
3	2	4	41
3	2	4	42
3	2	4	43
3	2	4	44
3	2	4	45
3	2	4	46
3	2	4	47
3	2	4	48
3	2	4	49
3	2	4	50
3	2	4	51
3	2	4	52
3	2	4	53
3	2	4	54
3	2	4	55
3	2	4	56
3	2	4	57
3	2	4	58
3	2	4	59
3	2	4	60
3	2	4	61
3	2	4	62
3	2	4	63
3	2	4	64
3	2	4	65
3	2	4	66
3	2	4	67
3	2	4	68
3	2	4	69
3	2	4	70
3	2	4	71
3	2	4	72
3	2	4	73
3	2	4	74
3	2	4	75
3	2	4	76
3	2	4	77
3	2	4	78
3	2	4	79
3	2	4	80
3	2	4	81
3	2	4	82
3	2	4	83
3	2	4	84
3	2	4	85
3	2	4	86
3	2	4	87
3	2	4	88
3	2	4	89
3	2	4	90
3	2	4	91
3	2	4	92
3	2	4	93
3	2	4	94
3	2	4	95
3	2	4	96
3	2	4	97
3	2	4	98
3	2	4	99
3	2	4	100
3	2	4	101
3	2	4	102
3	2	4	103
3	2	4	104
3	2	4	105
3	2	4	106
3	2	4	107
3	2	4	108
3	2	4	109
3	2	4	110
3	2	4	111
3	2	4	112
3	2	4	113
3	2	4	114
3	2	4	115
3	2	4	116
3	2	4	117
3	2	4	118
3	2	4	119
3	2	4	120
3	2	4	121
3	2	4	122
3	2	4	123
3	2	4	124
3	2	4	125
3	2	4	126
3	2	4	127
3	2	5	0
3	2	5	1
3	2	5	2
3	2	5	3
3	2	5	4
3	2	5	5
3	2	5	6
3	2	5	7
3	2	5	8
3	2	5	9
3	2	5	10
3	2	5	11
3	2	5	12
3	2	5	13
3	2	5	14
3	2	5	15
3	2	5	16
3	2	5	17
3	2	5	18
3	2	5	19
3	2	5	20
3	2	5	21
3	2	5	22
3	2	5	23
3	2	5	24
3	2	5	25
3	2	5	26
3	2	5	27
3	2	5	28
3	2	5	29
3	2	5	30
3	2	5	31
3	2	5	32
3	2	5	33
3	2	5	34
3	2	5	35
3	2	5	36
3	2	5	37
3	2	5	38
3	2	5	39
3	2	5	40
3	2	5	41
3	2	5	42
3	2	5	43
3	2	5	44
3	2	5	45
3	2	5	46
3	2	5	47
3	2	5	48
3	2	5	49
3	2	5	50
3	2	5	51
3	2	5	52
3	2	5	53
3	2	5	54
3	2	5	55
3	2	5	56
3	2	5	57
3	2	5	58
3	2	5	59
3	2	5	60
3	2	5	61
3	2	5	62
3	2	5	63
3	2	5	64
3	2	5	65
3	2	5	66
3	2	5	67
3	2	5	68
3	2	5	69
3	2	5	70
3	2	5	71
3	2	5	72
3	2	5	73
3	2	5	74
3	2	5	75
3	2	5	76
3	2	5	77
3	2	5	78
3	2	5	79
3	2	5	80
3	2	5	81
3	2	5	82
3	2	5	83
3	2	5	84
3	2	5	85
3	2	5	86
3	2	5	87
3	2	5	88
3	2	5	89
3	2	5	90
3	2	5	91
3	2	5	92
3	2	5	93
3	2	5	94
3	2	5	95
3	2	5	96
3	2	5	97
3	2	5	98
3	2	5	99
3	2	5	100
3	2	5	101
3	2	5	102
3	2	5	103
3	2	5	104
3	2	5	105
3	2	5	106
3	2	5	107
3	2	5	108
3	2	5	109
3	2	5	110
3	2	5	111
3	2	5	112
3	2	5	113
3	2	5	114
3	2	5	115
3	2	5	116
3	2	5	117
3	2	5	118
3	2	5	119
3	2	5	120
3	2	5	121
3	2	5	122
3	2	5	123
3	2	5	124
3	2	5	125
3	2	5	126
3	2	5	127
3	2	6	0
3	2	6	1
3	2	6	2
3	2	6	3
3	2	6	4
3	2	6	5
3	2	6	6
3	2	6	7
3	2	6	8
3	2	6	9
3	2	6	10
3	2	6	11
3	2	6	12
3	2	6	13
3	2	6	14
3	2	6	15
3	2	6	16
3	2	6	17
3	2	6	18
3	2	6	19
3	2	6	20
3	2	6	21
3	2	6	22
3	2	6	23
3	2	6	24
3	2	6	25
3	2	6	26
3	2	6	27
3	2	6	28
3	2	6	29
3	2	6	30
3	2	6	31
3	2	6	32
3	2	6	33
3	2	6	34
3	2	6	35
3	2	6	36
3	2	6	37
3	2	6	38
3	2	6	39
3	2	6	40
3	2	6	41
3	2	6	42
3	2	6	43
3	2	6	44
3	2	6	45
3	2	6	46
3	2	6	47
3	2	6	48
3	2	6	49
3	2	6	50
3	2	6	51
3	2	6	52
3	2	6	53
3	2	6	54
3	2	6	55
3	2	6	56
3	2	6	57
3	2	6	58
3	2	6	59
3	2	6	60
3	2	6	61
3	2	6	62
3	2	6	63
3	2	6	64
3	2	6	65
3	2	6	66
3	2	6	67
3	2	6	68
3	2	6	69
3	2	6	70
3	2	6	71
3	2	6	72
3	2	6	73
3	2	6	74
3	2	6	75
3	2	6	76
3	2	6	77
3	2	6	78
3	2	6	79
3	2	6	80
3	2	6	81
3	2	6	82
3	2	6	83
3	2	6	84
3	2	6	85
3	2	6	86
3	2	6	87
3	2	6	88
3	2	6	89
3	2	6	90
3	2	6	91
3	2	6	92
3	2	6	93
3	2	6	94
3	2	6	95
3	2	6	96
3	2	6	97
3	2	6	98
3	2	6	99
3	2	6	100
3	2	6	101
3	2	6	102
3	2	6	103
3	2	6	104
3	2	6	105
3	2	6	106
3	2	6	107
3	2	6	108
3	2	6	109
3	2	6	110
3	2	6	111
3	2	6	112
3	2	6	113
3	2	6	114
3	2	6	115
3	2	6	116
3	2	6	117
3	2	6	118
3	2	6	119
3	2	6	120
3	2	6	121
3	2	6	122
3	2	6	123
3	2	6	124
3	2	6	125
3	2	6	126
3	2	6	127
3	2	7	0
3	2	7	1
3	2	7	2
3	2	7	3
3	2	7	4
3	2	7	5
3	2	7	6
3	2	7	7
3	2	7	8
3	2	7	9
3	2	7	10
3	2	7	11
3	2	7	12
3	2	7	13
3	2	7	14
3	2	7	15
3	2	7	16
3	2	7	17
3	2	7	18
3	2	7	19
3	2	7	20
3	2	7	21
3	2	7	22
3	2	7	23
3	2	7	24
3	2	7	25
3	2	7	26
3	2	7	27
3	2	7	28
3	2	7	29
3	2	7	30
3	2	7	31
3	2	7	32
3	2	7	33
3	2	7	34
3	2	7	35
3	2	7	36
3	2	7	37
3	2	7	38
3	2	7	39
3	2	7	40
3	2	7	41
3	2	7	42
3	2	7	43
3	2	7	44
3	2	7	45
3	2	7	46
3	2	7	47
3	2	7	48
3	2	7	49
3	2	7	50
3	2	7	51
3	2	7	52
3	2	7	53
3	2	7	54
3	2	7	55
3	2	7	56
3	2	7	57
3	2	7	58
3	2	7	59
3	2	7	60
3	2	7	61
3	2	7	62
3	2	7	63
3	2	7	64
3	2	7	65
3	2	7	66
3	2	7	67
3	2	7	68
3	2	7	69
3	2	7	70
3	2	7	71
3	2	7	72
3	2	7	73
3	2	7	74
3	2	7	75
3	2	7	76
3	2	7	77
3	2	7	78
3	2	7	79
3	2	7	80
3	2	7	81
3	2	7	82
3	2	7	83
3	2	7	84
3	2	7	85
3	2	7	86
3	2	7	87
3	2	7	88
3	2	7	89
3	2	7	90
3	2	7	91
3	2	7	92
3	2	7	93
3	2	7	94
3	2	7	95
3	2	7	96
3	2	7	97
3	2	7	98
3	2	7	99
3	2	7	100
3	2	7	101
3	2	7	102
3	2	7	103
3	2	7	104
3	2	7	105
3	2	7	106
3	2	7	107
3	2	7	108
3	2	7	109
3	2	7	110
3	2	7	111
3	2	7	112
3	2	7	113
3	2	7	114
3	2	7	115
3	2	7	116
3	2	7	117
3	2	7	118
3	2	7	119
3	2	7	120
3	2	7	121
3	2	7	122
3	2	7	123
3	2	7	124
3	2	7	125
3	2	7	126
3	2	7	127
3	2	8	0
3	2	8	1
3	2	8	2
3	2	8	3
3	2	8	4
3	2	8	5
3	2	8	6
3	2	8	7
3	2	8	8
3	2	8	9
3	2	8	10
3	2	8	11
3	2	8	12
3	2	8	13
3	2	8	14
3	2	8	15
3	2	8	16
3	2	8	17
3	2	8	18
3	2	8	19
3	2	8	20
3	2	8	21
3	2	8	22
3	2	8	23
3	2	8	24
3	2	8	25
3	2	8	26
3	2	8	27
3	2	8	28
3	2	8	29
3	2	8	30
3	2	8	31
3	2	8	32
3	2	8	33
3	2	8	34
3	2	8	35
3	2	8	36
3	2	8	37
3	2	8	38
3	2	8	39
3	2	8	40
3	2	8	41
3	2	8	42
3	2	8	43
3	2	8	44
3	2	8	45
3	2	8	46
3	2	8	47
3	2	8	48
3	2	8	49
3	2	8	50
3	2	8	51
3	2	8	52
3	2	8	53
3	2	8	54
3	2	8	55
3	2	8	56
3	2	8	57
3	2	8	58
3	2	8	59
3	2	8	60
3	2	8	61
3	2	8	62
3	2	8	63
3	2	8	64
3	2	8	65
3	2	8	66
3	2	8	67
3	2	8	68
3	2	8	69
3	2	8	70
3	2	8	71
3	2	8	72
3	2	8	73
3	2	8	74
3	2	8	75
3	2	8	76
3	2	8	77
3	2	8	78
3	2	8	79
3	2	8	80
3	2	8	81
3	2	8	82
3	2	8	83
3	2	8	84
3	2	8	85
3	2	8	86
3	2	8	87
3	2	8	88
3	2	8	89
3	2	8	90
3	2	8	91
3	2	8	92
3	2	8	93
3	2	8	94
3	2	8	95
3	2	8	96
3	2	8	97
3	2	8	98
3	2	8	99
3	2	8	100
3	2	8	101
3	2	8	102
3	2	8	103
3	2	8	104
3	2	8	105
3	2	8	106
3	2	8	107
3	2	8	108
3	2	8	109
3	2	8	110
3	2	8	111
3	2	8	112
3	2	8	113
3	2	8	114
3	2	8	115
3	2	8	116
3	2	8	117
3	2	8	118
3	2	8	119
3	2	8	120
3	2	8	121
3	2	8	122
3	2	8	123
3	2	8	124
3	2	8	125
3	2	8	126
3	2	8	127
3	2	9	0
3	2	9	1
3	2	9	2
3	2	9	3
3	2	9	4
3	2	9	5
3	2	9	6
3	2	9	7
3	2	9	8
3	2	9	9
3	2	9	10
3	2	9	11
3	2	9	12
3	2	9	13
3	2	9	14
3	2	9	15
3	2	9	16
3	2	9	17
3	2	9	18
3	2	9	19
3	2	9	20
3	2	9	21
3	2	9	22
3	2	9	23
3	2	9	24
3	2	9	25
3	2	9	26
3	2	9	27
3	2	9	28
3	2	9	29
3	2	9	30
3	2	9	31
3	2	9	32
3	2	9	33
3	2	9	34
3	2	9	35
3	2	9	36
3	2	9	37
3	2	9	38
3	2	9	39
3	2	9	40
3	2	9	41
3	2	9	42
3	2	9	43
3	2	9	44
3	2	9	45
3	2	9	46
3	2	9	47
3	2	9	48
3	2	9	49
3	2	9	50
3	2	9	51
3	2	9	52
3	2	9	53
3	2	9	54
3	2	9	55
3	2	9	56
3	2	9	57
3	2	9	58
3	2	9	59
3	2	9	60
3	2	9	61
3	2	9	62
3	2	9	63
3	2	9	64
3	2	9	65
3	2	9	66
3	2	9	67
3	2	9	68
3	2	9	69
3	2	9	70
3	2	9	71
3	2	9	72
3	2	9	73
3	2	9	74
3	2	9	75
3	2	9	76
3	2	9	77
3	2	9	78
3	2	9	79
3	2	9	80
3	2	9	81
3	2	9	82
3	2	9	83
3	2	9	84
3	2	9	85
3	2	9	86
3	2	9	87
3	2	9	88
3	2	9	89
3	2	9	90
3	2	9	91
3	2	9	92
3	2	9	93
3	2	9	94
3	2	9	95
3	2	9	96
3	2	9	97
3	2	9	98
3	2	9	99
3	2	9	100
3	2	9	101
3	2	9	102
3	2	9	103
3	2	9	104
3	2	9	105
3	2	9	106
3	2	9	107
3	2	9	108
3	2	9	109
3	2	9	110
3	2	9	111
3	2	9	112
3	2	9	113
3	2	9	114
3	2	9	115
3	2	9	116
3	2	9	117
3	2	9	118
3	2	9	119
3	2	9	120
3	2	9	121
3	2	9	122
3	2	9	123
3	2	9	124
3	2	9	125
3	2	9	126
3	2	9	127
3	2	10	0
3	2	10	1
3	2	10	2
3	2	10	3
3	2	10	4
3	2	10	5
3	2	10	6
3	2	10	7
3	2	10	8
3	2	10	9
3	2	10	10
3	2	10	11
3	2	10	12
3	2	10	13
3	2	10	14
3	2	10	15
3	2	10	16
3	2	10	17
3	2	10	18
3	2	10	19
3	2	10	20
3	2	10	21
3	2	10	22
3	2	10	23
3	2	10	24
3	2	10	25
3	2	10	26
3	2	10	27
3	2	10	28
3	2	10	29
3	2	10	30
3	2	10	31
3	2	10	32
3	2	10	33
3	2	10	34
3	2	10	35
3	2	10	36
3	2	10	37
3	2	10	38
3	2	10	39
3	2	10	40
3	2	10	41
3	2	10	42
3	2	10	43
3	2	10	44
3	2	10	45
3	2	10	46
3	2	10	47
3	2	10	48
3	2	10	49
3	2	10	50
3	2	10	51
3	2	10	52
3	2	10	53
3	2	10	54
3	2	10	55
3	2	10	56
3	2	10	57
3	2	10	58
3	2	10	59
3	2	10	60
3	2	10	61
3	2	10	62
3	2	10	63
3	2	10	64
3	2	10	65
3	2	10	66
3	2	10	67
3	2	10	68
3	2	10	69
3	2	10	70
3	2	10	71
3	2	10	72
3	2	10	73
3	2	10	74
3	2	10	75
3	2	10	76
3	2	10	77
3	2	10	78
3	2	10	79
3	2	10	80
3	2	10	81
3	2	10	82
3	2	10	83
3	2	10	84
3	2	10	85
3	2	10	86
3	2	10	87
3	2	10	88
3	2	10	89
3	2	10	90
3	2	10	91
3	2	10	92
3	2	10	93
3	2	10	94
3	2	10	95
3	2	10	96
3	2	10	97
3	2	10	98
3	2	10	99
3	2	10	100
3	2	10	101
3	2	10	102
3	2	10	103
3	2	10	104
3	2	10	105
3	2	10	106
3	2	10	107
3	2	10	108
3	2	10	109
3	2	10	110
3	2	10	111
3	2	10	112
3	2	10	113
3	2	10	114
3	2	10	115
3	2	10	116
3	2	10	117
3	2	10	118
3	2	10	119
3	2	10	120
3	2	10	121
3	2	10	122
3	2	10	123
3	2	10	124
3	2	10	125
3	2	10	126
3	2	10	127
3	2	11	0
3	2	11	1
3	2	11	2
3	2	11	3
3	2	11	4
3	2	11	5
3	2	11	6
3	2	11	7
3	2	11	8
3	2	11	9
3	2	11	10
3	2	11	11
3	2	11	12
3	2	11	13
3	2	11	14
3	2	11	15
3	2	11	16
3	2	11	17
3	2	11	18
3	2	11	19
3	2	11	20
3	2	11	21
3	2	11	22
3	2	11	23
3	2	11	24
3	2	11	25
3	2	11	26
3	2	11	27
3	2	11	28
3	2	11	29
3	2	11	30
3	2	11	31
3	2	11	32
3	2	11	33
3	2	11	34
3	2	11	35
3	2	11	36
3	2	11	37
3	2	11	38
3	2	11	39
3	2	11	40
3	2	11	41
3	2	11	42
3	2	11	43
3	2	11	44
3	2	11	45
3	2	11	46
3	2	11	47
3	2	11	48
3	2	11	49
3	2	11	50
3	2	11	51
3	2	11	52
3	2	11	53
3	2	11	54
3	2	11	55
3	2	11	56
3	2	11	57
3	2	11	58
3	2	11	59
3	2	11	60
3	2	11	61
3	2	11	62
3	2	11	63
3	2	11	64
3	2	11	65
3	2	11	66
3	2	11	67
3	2	11	68
3	2	11	69
3	2	11	70
3	2	11	71
3	2	11	72
3	2	11	73
3	2	11	74
3	2	11	75
3	2	11	76
3	2	11	77
3	2	11	78
3	2	11	79
3	2	11	80
3	2	11	81
3	2	11	82
3	2	11	83
3	2	11	84
3	2	11	85
3	2	11	86
3	2	11	87
3	2	11	88
3	2	11	89
3	2	11	90
3	2	11	91
3	2	11	92
3	2	11	93
3	2	11	94
3	2	11	95
3	2	11	96
3	2	11	97
3	2	11	98
3	2	11	99
3	2	11	100
3	2	11	101
3	2	11	102
3	2	11	103
3	2	11	104
3	2	11	105
3	2	11	106
3	2	11	107
3	2	11	108
3	2	11	109
3	2	11	110
3	2	11	111
3	2	11	112
3	2	11	113
3	2	11	114
3	2	11	115
3	2	11	116
3	2	11	117
3	2	11	118
3	2	11	119
3	2	11	120
3	2	11	121
3	2	11	122
3	2	11	123
3	2	11	124
3	2	11	125
3	2	11	126
3	2	11	127
3	2	12	0
3	2	12	1
3	2	12	2
3	2	12	3
3	2	12	4
3	2	12	5
3	2	12	6
3	2	12	7
3	2	12	8
3	2	12	9
3	2	12	10
3	2	12	11
3	2	12	12
3	2	12	13
3	2	12	14
3	2	12	15
3	2	12	16
3	2	12	17
3	2	12	18
3	2	12	19
3	2	12	20
3	2	12	21
3	2	12	22
3	2	12	23
3	2	12	24
3	2	12	25
3	2	12	26
3	2	12	27
3	2	12	28
3	2	12	29
3	2	12	30
3	2	12	31
3	2	12	32
3	2	12	33
3	2	12	34
3	2	12	35
3	2	12	36
3	2	12	37
3	2	12	38
3	2	12	39
3	2	12	40
3	2	12	41
3	2	12	42
3	2	12	43
3	2	12	44
3	2	12	45
3	2	12	46
3	2	12	47
3	2	12	48
3	2	12	49
3	2	12	50
3	2	12	51
3	2	12	52
3	2	12	53
3	2	12	54
3	2	12	55
3	2	12	56
3	2	12	57
3	2	12	58
3	2	12	59
3	2	12	60
3	2	12	61
3	2	12	62
3	2	12	63
3	2	12	64
3	2	12	65
3	2	12	66
3	2	12	67
3	2	12	68
3	2	12	69
3	2	12	70
3	2	12	71
3	2	12	72
3	2	12	73
3	2	12	74
3	2	12	75
3	2	12	76
3	2	12	77
3	2	12	78
3	2	12	79
3	2	12	80
3	2	12	81
3	2	12	82
3	2	12	83
3	2	12	84
3	2	12	85
3	2	12	86
3	2	12	87
3	2	12	88
3	2	12	89
3	2	12	90
3	2	12	91
3	2	12	92
3	2	12	93
3	2	12	94
3	2	12	95
3	2	12	96
3	2	12	97
3	2	12	98
3	2	12	99
3	2	12	100
3	2	12	101
3	2	12	102
3	2	12	103
3	2	12	104
3	2	12	105
3	2	12	106
3	2	12	107
3	2	12	108
3	2	12	109
3	2	12	110
3	2	12	111
3	2	12	112
3	2	12	113
3	2	12	114
3	2	12	115
3	2	12	116
3	2	12	117
3	2	12	118
3	2	12	119
3	2	12	120
3	2	12	121
3	2	12	122
3	2	12	123
3	2	12	124
3	2	12	125
3	2	12	126
3	2	12	127
3	2	13	0
3	2	13	1
3	2	13	2
3	2	13	3
3	2	13	4
3	2	13	5
3	2	13	6
3	2	13	7
3	2	13	8
3	2	13	9
3	2	13	10
3	2	13	11
3	2	13	12
3	2	13	13
3	2	13	14
3	2	13	15
3	2	13	16
3	2	13	17
3	2	13	18
3	2	13	19
3	2	13	20
3	2	13	21
3	2	13	22
3	2	13	23
3	2	13	24
3	2	13	25
3	2	13	26
3	2	13	27
3	2	13	28
3	2	13	29
3	2	13	30
3	2	13	31
3	2	13	32
3	2	13	33
3	2	13	34
3	2	13	35
3	2	13	36
3	2	13	37
3	2	13	38
3	2	13	39
3	2	13	40
3	2	13	41
3	2	13	42
3	2	13	43
3	2	13	44
3	2	13	45
3	2	13	46
3	2	13	47
3	2	13	48
3	2	13	49
3	2	13	50
3	2	13	51
3	2	13	52
3	2	13	53
3	2	13	54
3	2	13	55
3	2	13	56
3	2	13	57
3	2	13	58
3	2	13	59
3	2	13	60
3	2	13	61
3	2	13	62
3	2	13	63
3	2	13	64
3	2	13	65
3	2	13	66
3	2	13	67
3	2	13	68
3	2	13	69
3	2	13	70
3	2	13	71
3	2	13	72
3	2	13	73
3	2	13	74
3	2	13	75
3	2	13	76
3	2	13	77
3	2	13	78
3	2	13	79
3	2	13	80
3	2	13	81
3	2	13	82
3	2	13	83
3	2	13	84
3	2	13	85
3	2	13	86
3	2	13	87
3	2	13	88
3	2	13	89
3	2	13	90
3	2	13	91
3	2	13	92
3	2	13	93
3	2	13	94
3	2	13	95
3	2	13	96
3	2	13	97
3	2	13	98
3	2	13	99
3	2	13	100
3	2	13	101
3	2	13	102
3	2	13	103
3	2	13	104
3	2	13	105
3	2	13	106
3	2	13	107
3	2	13	108
3	2	13	109
3	2	13	110
3	2	13	111
3	2	13	112
3	2	13	113
3	2	13	114
3	2	13	115
3	2	13	116
3	2	13	117
3	2	13	118
3	2	13	119
3	2	13	120
3	2	13	121
3	2	13	122
3	2	13	123
3	2	13	124
3	2	13	125
3	2	13	126
3	2	13	127
3	2	14	0
3	2	14	1
3	2	14	2
3	2	14	3
3	2	14	4
3	2	14	5
3	2	14	6
3	2	14	7
3	2	14	8
3	2	14	9
3	2	14	10
3	2	14	11
3	2	14	12
3	2	14	13
3	2	14	14
3	2	14	15
3	2	14	16
3	2	14	17
3	2	14	18
3	2	14	19
3	2	14	20
3	2	14	21
3	2	14	22
3	2	14	23
3	2	14	24
3	2	14	25
3	2	14	26
3	2	14	27
3	2	14	28
3	2	14	29
3	2	14	30
3	2	14	31
3	2	14	32
3	2	14	33
3	2	14	34
3	2	14	35
3	2	14	36
3	2	14	37
3	2	14	38
3	2	14	39
3	2	14	40
3	2	14	41
3	2	14	42
3	2	14	43
3	2	14	44
3	2	14	45
3	2	14	46
3	2	14	47
3	2	14	48
3	2	14	49
3	2	14	50
3	2	14	51
3	2	14	52
3	2	14	53
3	2	14	54
3	2	14	55
3	2	14	56
3	2	14	57
3	2	14	58
3	2	14	59
3	2	14	60
3	2	14	61
3	2	14	62
3	2	14	63
3	2	14	64
3	2	14	65
3	2	14	66
3	2	14	67
3	2	14	68
3	2	14	69
3	2	14	70
3	2	14	71
3	2	14	72
3	2	14	73
3	2	14	74
3	2	14	75
3	2	14	76
3	2	14	77
3	2	14	78
3	2	14	79
3	2	14	80
3	2	14	81
3	2	14	82
3	2	14	83
3	2	14	84
3	2	14	85
3	2	14	86
3	2	14	87
3	2	14	88
3	2	14	89
3	2	14	90
3	2	14	91
3	2	14	92
3	2	14	93
3	2	14	94
3	2	14	95
3	2	14	96
3	2	14	97
3	2	14	98
3	2	14	99
3	2	14	100
3	2	14	101
3	2	14	102
3	2	14	103
3	2	14	104
3	2	14	105
3	2	14	106
3	2	14	107
3	2	14	108
3	2	14	109
3	2	14	110
3	2	14	111
3	2	14	112
3	2	14	113
3	2	14	114
3	2	14	115
3	2	14	116
3	2	14	117
3	2	14	118
3	2	14	119
3	2	14	120
3	2	14	121
3	2	14	122
3	2	14	123
3	2	14	124
3	2	14	125
3	2	14	126
3	2	14	127
3	2	15	0
3	2	15	1
3	2	15	2
3	2	15	3
3	2	15	4
3	2	15	5
3	2	15	6
3	2	15	7
3	2	15	8
3	2	15	9
3	2	15	10
3	2	15	11
3	2	15	12
3	2	15	13
3	2	15	14
3	2	15	15
3	2	15	16
3	2	15	17
3	2	15	18
3	2	15	19
3	2	15	20
3	2	15	21
3	2	15	22
3	2	15	23
3	2	15	24
3	2	15	25
3	2	15	26
3	2	15	27
3	2	15	28
3	2	15	29
3	2	15	30
3	2	15	31
3	2	15	32
3	2	15	33
3	2	15	34
3	2	15	35
3	2	15	36
3	2	15	37
3	2	15	38
3	2	15	39
3	2	15	40
3	2	15	41
3	2	15	42
3	2	15	43
3	2	15	44
3	2	15	45
3	2	15	46
3	2	15	47
3	2	15	48
3	2	15	49
3	2	15	50
3	2	15	51
3	2	15	52
3	2	15	53
3	2	15	54
3	2	15	55
3	2	15	56
3	2	15	57
3	2	15	58
3	2	15	59
3	2	15	60
3	2	15	61
3	2	15	62
3	2	15	63
3	2	15	64
3	2	15	65
3	2	15	66
3	2	15	67
3	2	15	68
3	2	15	69
3	2	15	70
3	2	15	71
3	2	15	72
3	2	15	73
3	2	15	74
3	2	15	75
3	2	15	76
3	2	15	77
3	2	15	78
3	2	15	79
3	2	15	80
3	2	15	81
3	2	15	82
3	2	15	83
3	2	15	84
3	2	15	85
3	2	15	86
3	2	15	87
3	2	15	88
3	2	15	89
3	2	15	90
3	2	15	91
3	2	15	92
3	2	15	93
3	2	15	94
3	2	15	95
3	2	15	96
3	2	15	97
3	2	15	98
3	2	15	99
3	2	15	100
3	2	15	101
3	2	15	102
3	2	15	103
3	2	15	104
3	2	15	105
3	2	15	106
3	2	15	107
3	2	15	108
3	2	15	109
3	2	15	110
3	2	15	111
3	2	15	112
3	2	15	113
3	2	15	114
3	2	15	115
3	2	15	116
3	2	15	117
3	2	15	118
3	2	15	119
3	2	15	120
3	2	15	121
3	2	15	122
3	2	15	123
3	2	15	124
3	2	15	125
3	2	15	126
3	2	15	127
3	2	16	0
3	2	16	1
3	2	16	2
3	2	16	3
3	2	16	4
3	2	16	5
3	2	16	6
3	2	16	7
3	2	16	8
3	2	16	9
3	2	16	10
3	2	16	11
3	2	16	12
3	2	16	13
3	2	16	14
3	2	16	15
3	2	16	16
3	2	16	17
3	2	16	18
3	2	16	19
3	2	16	20
3	2	16	21
3	2	16	22
3	2	16	23
3	2	16	24
3	2	16	25
3	2	16	26
3	2	16	27
3	2	16	28
3	2	16	29
3	2	16	30
3	2	16	31
3	2	16	32
3	2	16	33
3	2	16	34
3	2	16	35
3	2	16	36
3	2	16	37
3	2	16	38
3	2	16	39
3	2	16	40
3	2	16	41
3	2	16	42
3	2	16	43
3	2	16	44
3	2	16	45
3	2	16	46
3	2	16	47
3	2	16	48
3	2	16	49
3	2	16	50
3	2	16	51
3	2	16	52
3	2	16	53
3	2	16	54
3	2	16	55
3	2	16	56
3	2	16	57
3	2	16	58
3	2	16	59
3	2	16	60
3	2	16	61
3	2	16	62
3	2	16	63
3	2	16	64
3	2	16	65
3	2	16	66
3	2	16	67
3	2	16	68
3	2	16	69
3	2	16	70
3	2	16	71
3	2	16	72
3	2	16	73
3	2	16	74
3	2	16	75
3	2	16	76
3	2	16	77
3	2	16	78
3	2	16	79
3	2	16	80
3	2	16	81
3	2	16	82
3	2	16	83
3	2	16	84
3	2	16	85
3	2	16	86
3	2	16	87
3	2	16	88
3	2	16	89
3	2	16	90
3	2	16	91
3	2	16	92
3	2	16	93
3	2	16	94
3	2	16	95
3	2	16	96
3	2	16	97
3	2	16	98
3	2	16	99
3	2	16	100
3	2	16	101
3	2	16	102
3	2	16	103
3	2	16	104
3	2	16	105
3	2	16	106
3	2	16	107
3	2	16	108
3	2	16	109
3	2	16	110
3	2	16	111
3	2	16	112
3	2	16	113
3	2	16	114
3	2	16	115
3	2	16	116
3	2	16	117
3	2	16	118
3	2	16	119
3	2	16	120
3	2	16	121
3	2	16	122
3	2	16	123
3	2	16	124
3	2	16	125
3	2	16	126
3	2	16	127
3	2	17	0
3	2	17	1
3	2	17	2
3	2	17	3
3	2	17	4
3	2	17	5
3	2	17	6
3	2	17	7
3	2	17	8
3	2	17	9
3	2	17	10
3	2	17	11
3	2	17	12
3	2	17	13
3	2	17	14
3	2	17	15
3	2	17	16
3	2	17	17
3	2	17	18
3	2	17	19
3	2	17	20
3	2	17	21
3	2	17	22
3	2	17	23
3	2	17	24
3	2	17	25
3	2	17	26
3	2	17	27
3	2	17	28
3	2	17	29
3	2	17	30
3	2	17	31
3	2	17	32
3	2	17	33
3	2	17	34
3	2	17	35
3	2	17	36
3	2	17	37
3	2	17	38
3	2	17	39
3	2	17	40
3	2	17	41
3	2	17	42
3	2	17	43
3	2	17	44
3	2	17	45
3	2	17	46
3	2	17	47
3	2	17	48
3	2	17	49
3	2	17	50
3	2	17	51
3	2	17	52
3	2	17	53
3	2	17	54
3	2	17	55
3	2	17	56
3	2	17	57
3	2	17	58
3	2	17	59
3	2	17	60
3	2	17	61
3	2	17	62
3	2	17	63
3	2	17	64
3	2	17	65
3	2	17	66
3	2	17	67
3	2	17	68
3	2	17	69
3	2	17	70
3	2	17	71
3	2	17	72
3	2	17	73
3	2	17	74
3	2	17	75
3	2	17	76
3	2	17	77
3	2	17	78
3	2	17	79
3	2	17	80
3	2	17	81
3	2	17	82
3	2	17	83
3	2	17	84
3	2	17	85
3	2	17	86
3	2	17	87
3	2	17	88
3	2	17	89
3	2	17	90
3	2	17	91
3	2	17	92
3	2	17	93
3	2	17	94
3	2	17	95
3	2	17	96
3	2	17	97
3	2	17	98
3	2	17	99
3	2	17	100
3	2	17	101
3	2	17	102
3	2	17	103
3	2	17	104
3	2	17	105
3	2	17	106
3	2	17	107
3	2	17	108
3	2	17	109
3	2	17	110
3	2	17	111
3	2	17	112
3	2	17	113
3	2	17	114
3	2	17	115
3	2	17	116
3	2	17	117
3	2	17	118
3	2	17	119
3	2	17	120
3	2	17	121
3	2	17	122
3	2	17	123
3	2	17	124
3	2	17	125
3	2	17	126
3	2	17	127
3	2	18	0
3	2	18	1
3	2	18	2
3	2	18	3
3	2	18	4
3	2	18	5
3	2	18	6
3	2	18	7
3	2	18	8
3	2	18	9
3	2	18	10
3	2	18	11
3	2	18	12
3	2	18	13
3	2	18	14
3	2	18	15
3	2	18	16
3	2	18	17
3	2	18	18
3	2	18	19
3	2	18	20
3	2	18	21
3	2	18	22
3	2	18	23
3	2	18	24
3	2	18	25
3	2	18	26
3	2	18	27
3	2	18	28
3	2	18	29
3	2	18	30
3	2	18	31
3	2	18	32
3	2	18	33
3	2	18	34
3	2	18	35
3	2	18	36
3	2	18	37
3	2	18	38
3	2	18	39
3	2	18	40
3	2	18	41
3	2	18	42
3	2	18	43
3	2	18	44
3	2	18	45
3	2	18	46
3	2	18	47
3	2	18	48
3	2	18	49
3	2	18	50
3	2	18	51
3	2	18	52
3	2	18	53
3	2	18	54
3	2	18	55
3	2	18	56
3	2	18	57
3	2	18	58
3	2	18	59
3	2	18	60
3	2	18	61
3	2	18	62
3	2	18	63
3	2	18	64
3	2	18	65
3	2	18	66
3	2	18	67
3	2	18	68
3	2	18	69
3	2	18	70
3	2	18	71
3	2	18	72
3	2	18	73
3	2	18	74
3	2	18	75
3	2	18	76
3	2	18	77
3	2	18	78
3	2	18	79
3	2	18	80
3	2	18	81
3	2	18	82
3	2	18	83
3	2	18	84
3	2	18	85
3	2	18	86
3	2	18	87
3	2	18	88
3	2	18	89
3	2	18	90
3	2	18	91
3	2	18	92
3	2	18	93
3	2	18	94
3	2	18	95
3	2	18	96
3	2	18	97
3	2	18	98
3	2	18	99
3	2	18	100
3	2	18	101
3	2	18	102
3	2	18	103
3	2	18	104
3	2	18	105
3	2	18	106
3	2	18	107
3	2	18	108
3	2	18	109
3	2	18	110
3	2	18	111
3	2	18	112
3	2	18	113
3	2	18	114
3	2	18	115
3	2	18	116
3	2	18	117
3	2	18	118
3	2	18	119
3	2	18	120
3	2	18	121
3	2	18	122
3	2	18	123
3	2	18	124
3	2	18	125
3	2	18	126
3	2	18	127
3	2	19	0
3	2	19	1
3	2	19	2
3	2	19	3
3	2	19	4
3	2	19	5
3	2	19	6
3	2	19	7
3	2	19	8
3	2	19	9
3	2	19	10
3	2	19	11
3	2	19	12
3	2	19	13
3	2	19	14
3	2	19	15
3	2	19	16
3	2	19	17
3	2	19	18
3	2	19	19
3	2	19	20
3	2	19	21
3	2	19	22
3	2	19	23
3	2	19	24
3	2	19	25
3	2	19	26
3	2	19	27
3	2	19	28
3	2	19	29
3	2	19	30
3	2	19	31
3	2	19	32
3	2	19	33
3	2	19	34
3	2	19	35
3	2	19	36
3	2	19	37
3	2	19	38
3	2	19	39
3	2	19	40
3	2	19	41
3	2	19	42
3	2	19	43
3	2	19	44
3	2	19	45
3	2	19	46
3	2	19	47
3	2	19	48
3	2	19	49
3	2	19	50
3	2	19	51
3	2	19	52
3	2	19	53
3	2	19	54
3	2	19	55
3	2	19	56
3	2	19	57
3	2	19	58
3	2	19	59
3	2	19	60
3	2	19	61
3	2	19	62
3	2	19	63
3	2	19	64
3	2	19	65
3	2	19	66
3	2	19	67
3	2	19	68
3	2	19	69
3	2	19	70
3	2	19	71
3	2	19	72
3	2	19	73
3	2	19	74
3	2	19	75
3	2	19	76
3	2	19	77
3	2	19	78
3	2	19	79
3	2	19	80
3	2	19	81
3	2	19	82
3	2	19	83
3	2	19	84
3	2	19	85
3	2	19	86
3	2	19	87
3	2	19	88
3	2	19	89
3	2	19	90
3	2	19	91
3	2	19	92
3	2	19	93
3	2	19	94
3	2	19	95
3	2	19	96
3	2	19	97
3	2	19	98
3	2	19	99
3	2	19	100
3	2	19	101
3	2	19	102
3	2	19	103
3	2	19	104
3	2	19	105
3	2	19	106
3	2	19	107
3	2	19	108
3	2	19	109
3	2	19	110
3	2	19	111
3	2	19	112
3	2	19	113
3	2	19	114
3	2	19	115
3	2	19	116
3	2	19	117
3	2	19	118
3	2	19	119
3	2	19	120
3	2	19	121
3	2	19	122
3	2	19	123
3	2	19	124
3	2	19	125
3	2	19	126
3	2	19	127
3	2	20	0
3	2	20	1
3	2	20	2
3	2	20	3
3	2	20	4
3	2	20	5
3	2	20	6
3	2	20	7
3	2	20	8
3	2	20	9
3	2	20	10
3	2	20	11
3	2	20	12
3	2	20	13
3	2	20	14
3	2	20	15
3	2	20	16
3	2	20	17
3	2	20	18
3	2	20	19
3	2	20	20
3	2	20	21
3	2	20	22
3	2	20	23
3	2	20	24
3	2	20	25
3	2	20	26
3	2	20	27
3	2	20	28
3	2	20	29
3	2	20	30
3	2	20	31
3	2	20	32
3	2	20	33
3	2	20	34
3	2	20	35
3	2	20	36
3	2	20	37
3	2	20	38
3	2	20	39
3	2	20	40
3	2	20	41
3	2	20	42
3	2	20	43
3	2	20	44
3	2	20	45
3	2	20	46
3	2	20	47
3	2	20	48
3	2	20	49
3	2	20	50
3	2	20	51
3	2	20	52
3	2	20	53
3	2	20	54
3	2	20	55
3	2	20	56
3	2	20	57
3	2	20	58
3	2	20	59
3	2	20	60
3	2	20	61
3	2	20	62
3	2	20	63
3	2	20	64
3	2	20	65
3	2	20	66
3	2	20	67
3	2	20	68
3	2	20	69
3	2	20	70
3	2	20	71
3	2	20	72
3	2	20	73
3	2	20	74
3	2	20	75
3	2	20	76
3	2	20	77
3	2	20	78
3	2	20	79
3	2	20	80
3	2	20	81
3	2	20	82
3	2	20	83
3	2	20	84
3	2	20	85
3	2	20	86
3	2	20	87
3	2	20	88
3	2	20	89
3	2	20	90
3	2	20	91
3	2	20	92
3	2	20	93
3	2	20	94
3	2	20	95
3	2	20	96
3	2	20	97
3	2	20	98
3	2	20	99
3	2	20	100
3	2	20	101
3	2	20	102
3	2	20	103
3	2	20	104
3	2	20	105
3	2	20	106
3	2	20	107
3	2	20	108
3	2	20	109
3	2	20	110
3	2	20	111
3	2	20	112
3	2	20	113
3	2	20	114
3	2	20	115
3	2	20	116
3	2	20	117
3	2	20	118
3	2	20	119
3	2	20	120
3	2	20	121
3	2	20	122
3	2	20	123
3	2	20	124
3	2	20	125
3	2	20	126
3	2	20	127
3	2	21	0
3	2	21	1
3	2	21	2
3	2	21	3
3	2	21	4
3	2	21	5
3	2	21	6
3	2	21	7
3	2	21	8
3	2	21	9
3	2	21	10
3	2	21	11
3	2	21	12
3	2	21	13
3	2	21	14
3	2	21	15
3	2	21	16
3	2	21	17
3	2	21	18
3	2	21	19
3	2	21	20
3	2	21	21
3	2	21	22
3	2	21	23
3	2	21	24
3	2	21	25
3	2	21	26
3	2	21	27
3	2	21	28
3	2	21	29
3	2	21	30
3	2	21	31
3	2	21	32
3	2	21	33
3	2	21	34
3	2	21	35
3	2	21	36
3	2	21	37
3	2	21	38
3	2	21	39
3	2	21	40
3	2	21	41
3	2	21	42
3	2	21	43
3	2	21	44
3	2	21	45
3	2	21	46
3	2	21	47
3	2	21	48
3	2	21	49
3	2	21	50
3	2	21	51
3	2	21	52
3	2	21	53
3	2	21	54
3	2	21	55
3	2	21	56
3	2	21	57
3	2	21	58
3	2	21	59
3	2	21	60
3	2	21	61
3	2	21	62
3	2	21	63
3	2	21	64
3	2	21	65
3	2	21	66
3	2	21	67
3	2	21	68
3	2	21	69
3	2	21	70
3	2	21	71
3	2	21	72
3	2	21	73
3	2	21	74
3	2	21	75
3	2	21	76
3	2	21	77
3	2	21	78
3	2	21	79
3	2	21	80
3	2	21	81
3	2	21	82
3	2	21	83
3	2	21	84
3	2	21	85
3	2	21	86
3	2	21	87
3	2	21	88
3	2	21	89
3	2	21	90
3	2	21	91
3	2	21	92
3	2	21	93
3	2	21	94
3	2	21	95
3	2	21	96
3	2	21	97
3	2	21	98
3	2	21	99
3	2	21	100
3	2	21	101
3	2	21	102
3	2	21	103
3	2	21	104
3	2	21	105
3	2	21	106
3	2	21	107
3	2	21	108
3	2	21	109
3	2	21	110
3	2	21	111
3	2	21	112
3	2	21	113
3	2	21	114
3	2	21	115
3	2	21	116
3	2	21	117
3	2	21	118
3	2	21	119
3	2	21	120
3	2	21	121
3	2	21	122
3	2	21	123
3	2	21	124
3	2	21	125
3	2	21	126
3	2	21	127
3	2	22	0
3	2	22	1
3	2	22	2
3	2	22	3
3	2	22	4
3	2	22	5
3	2	22	6
3	2	22	7
3	2	22	8
3	2	22	9
3	2	22	10
3	2	22	11
3	2	22	12
3	2	22	13
3	2	22	14
3	2	22	15
3	2	22	16
3	2	22	17
3	2	22	18
3	2	22	19
3	2	22	20
3	2	22	21
3	2	22	22
3	2	22	23
3	2	22	24
3	2	22	25
3	2	22	26
3	2	22	27
3	2	22	28
3	2	22	29
3	2	22	30
3	2	22	31
3	2	22	32
3	2	22	33
3	2	22	34
3	2	22	35
3	2	22	36
3	2	22	37
3	2	22	38
3	2	22	39
3	2	22	40
3	2	22	41
3	2	22	42
3	2	22	43
3	2	22	44
3	2	22	45
3	2	22	46
3	2	22	47
3	2	22	48
3	2	22	49
3	2	22	50
3	2	22	51
3	2	22	52
3	2	22	53
3	2	22	54
3	2	22	55
3	2	22	56
3	2	22	57
3	2	22	58
3	2	22	59
3	2	22	60
3	2	22	61
3	2	22	62
3	2	22	63
3	2	22	64
3	2	22	65
3	2	22	66
3	2	22	67
3	2	22	68
3	2	22	69
3	2	22	70
3	2	22	71
3	2	22	72
3	2	22	73
3	2	22	74
3	2	22	75
3	2	22	76
3	2	22	77
3	2	22	78
3	2	22	79
3	2	22	80
3	2	22	81
3	2	22	82
3	2	22	83
3	2	22	84
3	2	22	85
3	2	22	86
3	2	22	87
3	2	22	88
3	2	22	89
3	2	22	90
3	2	22	91
3	2	22	92
3	2	22	93
3	2	22	94
3	2	22	95
3	2	22	96
3	2	22	97
3	2	22	98
3	2	22	99
3	2	22	100
3	2	22	101
3	2	22	102
3	2	22	103
3	2	22	104
3	2	22	105
3	2	22	106
3	2	22	107
3	2	22	108
3	2	22	109
3	2	22	110
3	2	22	111
3	2	22	112
3	2	22	113
3	2	22	114
3	2	22	115
3	2	22	116
3	2	22	117
3	2	22	118
3	2	22	119
3	2	22	120
3	2	22	121
3	2	22	122
3	2	22	123
3	2	22	124
3	2	22	125
3	2	22	126
3	2	22	127
3	2	23	0
3	2	23	1
3	2	23	2
3	2	23	3
3	2	23	4
3	2	23	5
3	2	23	6
3	2	23	7
3	2	23	8
3	2	23	9
3	2	23	10
3	2	23	11
3	2	23	12
3	2	23	13
3	2	23	14
3	2	23	15
3	2	23	16
3	2	23	17
3	2	23	18
3	2	23	19
3	2	23	20
3	2	23	21
3	2	23	22
3	2	23	23
3	2	23	24
3	2	23	25
3	2	23	26
3	2	23	27
3	2	23	28
3	2	23	29
3	2	23	30
3	2	23	31
3	2	23	32
3	2	23	33
3	2	23	34
3	2	23	35
3	2	23	36
3	2	23	37
3	2	23	38
3	2	23	39
3	2	23	40
3	2	23	41
3	2	23	42
3	2	23	43
3	2	23	44
3	2	23	45
3	2	23	46
3	2	23	47
3	2	23	48
3	2	23	49
3	2	23	50
3	2	23	51
3	2	23	52
3	2	23	53
3	2	23	54
3	2	23	55
3	2	23	56
3	2	23	57
3	2	23	58
3	2	23	59
3	2	23	60
3	2	23	61
3	2	23	62
3	2	23	63
3	2	23	64
3	2	23	65
3	2	23	66
3	2	23	67
3	2	23	68
3	2	23	69
3	2	23	70
3	2	23	71
3	2	23	72
3	2	23	73
3	2	23	74
3	2	23	75
3	2	23	76
3	2	23	77
3	2	23	78
3	2	23	79
3	2	23	80
3	2	23	81
3	2	23	82
3	2	23	83
3	2	23	84
3	2	23	85
3	2	23	86
3	2	23	87
3	2	23	88
3	2	23	89
3	2	23	90
3	2	23	91
3	2	23	92
3	2	23	93
3	2	23	94
3	2	23	95
3	2	23	96
3	2	23	97
3	2	23	98
3	2	23	99
3	2	23	100
3	2	23	101
3	2	23	102
3	2	23	103
3	2	23	104
3	2	23	105
3	2	23	106
3	2	23	107
3	2	23	108
3	2	23	109
3	2	23	110
3	2	23	111
3	2	23	112
3	2	23	113
3	2	23	114
3	2	23	115
3	2	23	116
3	2	23	117
3	2	23	118
3	2	23	119
3	2	23	120
3	2	23	121
3	2	23	122
3	2	23	123
3	2	23	124
3	2	23	125
3	2	23	126
3	2	23	127
3	2	24	0
3	2	24	1
3	2	24	2
3	2	24	3
3	2	24	4
3	2	24	5
3	2	24	6
3	2	24	7
3	2	24	8
3	2	24	9
3	2	24	10
3	2	24	11
3	2	24	12
3	2	24	13
3	2	24	14
3	2	24	15
3	2	24	16
3	2	24	17
3	2	24	18
3	2	24	19
3	2	24	20
3	2	24	21
3	2	24	22
3	2	24	23
3	2	24	24
3	2	24	25
3	2	24	26
3	2	24	27
3	2	24	28
3	2	24	29
3	2	24	30
3	2	24	31
3	2	24	32
3	2	24	33
3	2	24	34
3	2	24	35
3	2	24	36
3	2	24	37
3	2	24	38
3	2	24	39
3	2	24	40
3	2	24	41
3	2	24	42
3	2	24	43
3	2	24	44
3	2	24	45
3	2	24	46
3	2	24	47
3	2	24	48
3	2	24	49
3	2	24	50
3	2	24	51
3	2	24	52
3	2	24	53
3	2	24	54
3	2	24	55
3	2	24	56
3	2	24	57
3	2	24	58
3	2	24	59
3	2	24	60
3	2	24	61
3	2	24	62
3	2	24	63
3	2	24	64
3	2	24	65
3	2	24	66
3	2	24	67
3	2	24	68
3	2	24	69
3	2	24	70
3	2	24	71
3	2	24	72
3	2	24	73
3	2	24	74
3	2	24	75
3	2	24	76
3	2	24	77
3	2	24	78
3	2	24	79
3	2	24	80
3	2	24	81
3	2	24	82
3	2	24	83
3	2	24	84
3	2	24	85
3	2	24	86
3	2	24	87
3	2	24	88
3	2	24	89
3	2	24	90
3	2	24	91
3	2	24	92
3	2	24	93
3	2	24	94
3	2	24	95
3	2	24	96
3	2	24	97
3	2	24	98
3	2	24	99
3	2	24	100
3	2	24	101
3	2	24	102
3	2	24	103
3	2	24	104
3	2	24	105
3	2	24	106
3	2	24	107
3	2	24	108
3	2	24	109
3	2	24	110
3	2	24	111
3	2	24	112
3	2	24	113
3	2	24	114
3	2	24	115
3	2	24	116
3	2	24	117
3	2	24	118
3	2	24	119
3	2	24	120
3	2	24	121
3	2	24	122
3	2	24	123
3	2	24	124
3	2	24	125
3	2	24	126
3	2	24	127
3	2	25	0
3	2	25	1
3	2	25	2
3	2	25	3
3	2	25	4
3	2	25	5
3	2	25	6
3	2	25	7
3	2	25	8
3	2	25	9
3	2	25	10
3	2	25	11
3	2	25	12
3	2	25	13
3	2	25	14
3	2	25	15
3	2	25	16
3	2	25	17
3	2	25	18
3	2	25	19
3	2	25	20
3	2	25	21
3	2	25	22
3	2	25	23
3	2	25	24
3	2	25	25
3	2	25	26
3	2	25	27
3	2	25	28
3	2	25	29
3	2	25	30
3	2	25	31
3	2	25	32
3	2	25	33
3	2	25	34
3	2	25	35
3	2	25	36
3	2	25	37
3	2	25	38
3	2	25	39
3	2	25	40
3	2	25	41
3	2	25	42
3	2	25	43
3	2	25	44
3	2	25	45
3	2	25	46
3	2	25	47
3	2	25	48
3	2	25	49
3	2	25	50
3	2	25	51
3	2	25	52
3	2	25	53
3	2	25	54
3	2	25	55
3	2	25	56
3	2	25	57
3	2	25	58
3	2	25	59
3	2	25	60
3	2	25	61
3	2	25	62
3	2	25	63
3	2	25	64
3	2	25	65
3	2	25	66
3	2	25	67
3	2	25	68
3	2	25	69
3	2	25	70
3	2	25	71
3	2	25	72
3	2	25	73
3	2	25	74
3	2	25	75
3	2	25	76
3	2	25	77
3	2	25	78
3	2	25	79
3	2	25	80
3	2	25	81
3	2	25	82
3	2	25	83
3	2	25	84
3	2	25	85
3	2	25	86
3	2	25	87
3	2	25	88
3	2	25	89
3	2	25	90
3	2	25	91
3	2	25	92
3	2	25	93
3	2	25	94
3	2	25	95
3	2	25	96
3	2	25	97
3	2	25	98
3	2	25	99
3	2	25	100
3	2	25	101
3	2	25	102
3	2	25	103
3	2	25	104
3	2	25	105
3	2	25	106
3	2	25	107
3	2	25	108
3	2	25	109
3	2	25	110
3	2	25	111
3	2	25	112
3	2	25	113
3	2	25	114
3	2	25	115
3	2	25	116
3	2	25	117
3	2	25	118
3	2	25	119
3	2	25	120
3	2	25	121
3	2	25	122
3	2	25	123
3	2	25	124
3	2	25	125
3	2	25	126
3	2	25	127
3	5	0	0
3	5	0	1
3	5	0	2
3	5	0	3
3	5	0	4
3	5	0	5
3	5	0	6
3	5	0	7
3	5	0	8
3	5	0	9
3	5	0	10
3	5	0	11
3	5	0	12
3	5	0	13
3	5	0	14
3	5	0	15
3	5	0	16
3	5	0	17
3	5	0	18
3	5	0	19
3	5	0	20
3	5	0	21
3	5	0	22
3	5	0	23
3	5	0	24
3	5	0	25
3	5	0	26
3	5	0	27
3	5	0	28
3	5	0	29
3	5	0	30
3	5	0	31
3	5	0	32
3	5	0	33
3	5	0	34
3	5	0	35
3	5	0	36
3	5	0	37
3	5	0	38
3	5	0	39
3	5	0	40
3	5	0	41
3	5	0	42
3	5	0	43
3	5	0	44
3	5	0	45
3	5	0	46
3	5	0	47
3	5	0	48
3	5	0	49
3	5	0	50
3	5	0	51
3	5	0	52
3	5	0	53
3	5	0	54
3	5	0	55
3	5	0	56
3	5	0	57
3	5	0	58
3	5	0	59
3	5	0	60
3	5	0	61
3	5	0	62
3	5	0	63
3	5	0	64
3	5	0	65
3	5	0	66
3	5	0	67
3	5	0	68
3	5	0	69
3	5	0	70
3	5	0	71
3	5	0	72
3	5	0	73
3	5	0	74
3	5	0	75
3	5	0	76
3	5	0	77
3	5	0	78
3	5	0	79
3	5	0	80
3	5	0	81
3	5	0	82
3	5	0	83
3	5	0	84
3	5	0	85
3	5	0	86
3	5	0	87
3	5	0	88
3	5	0	89
3	5	0	90
3	5	0	91
3	5	0	92
3	5	0	93
3	5	0	94
3	5	0	95
3	5	0	96
3	5	0	97
3	5	0	98
3	5	0	99
3	5	0	100
3	5	0	101
3	5	0	102
3	5	0	103
3	5	0	104
3	5	0	105
3	5	0	106
3	5	0	107
3	5	0	108
3	5	0	109
3	5	0	110
3	5	0	111
3	5	0	112
3	5	0	113
3	5	0	114
3	5	0	115
3	5	0	116
3	5	0	117
3	5	0	118
3	5	0	119
3	5	0	120
3	5	0	121
3	5	0	122
3	5	0	123
3	5	0	124
3	5	0	125
3	5	0	126
3	5	0	127
3	5	1	0
3	5	1	1
3	5	1	2
3	5	1	3
3	5	1	4
3	5	1	5
3	5	1	6
3	5	1	7
3	5	1	8
3	5	1	9
3	5	1	10
3	5	1	11
3	5	1	12
3	5	1	13
3	5	1	14
3	5	1	15
3	5	1	16
3	5	1	17
3	5	1	18
3	5	1	19
3	5	1	20
3	5	1	21
3	5	1	22
3	5	1	23
3	5	1	24
3	5	1	25
3	5	1	26
3	5	1	27
3	5	1	28
3	5	1	29
3	5	1	30
3	5	1	31
3	5	1	32
3	5	1	33
3	5	1	34
3	5	1	35
3	5	1	36
3	5	1	37
3	5	1	38
3	5	1	39
3	5	1	40
3	5	1	41
3	5	1	42
3	5	1	43
3	5	1	44
3	5	1	45
3	5	1	46
3	5	1	47
3	5	1	48
3	5	1	49
3	5	1	50
3	5	1	51
3	5	1	52
3	5	1	53
3	5	1	54
3	5	1	55
3	5	1	56
3	5	1	57
3	5	1	58
3	5	1	59
3	5	1	60
3	5	1	61
3	5	1	62
3	5	1	63
3	5	1	64
3	5	1	65
3	5	1	66
3	5	1	67
3	5	1	68
3	5	1	69
3	5	1	70
3	5	1	71
3	5	1	72
3	5	1	73
3	5	1	74
3	5	1	75
3	5	1	76
3	5	1	77
3	5	1	78
3	5	1	79
3	5	1	80
3	5	1	81
3	5	1	82
3	5	1	83
3	5	1	84
3	5	1	85
3	5	1	86
3	5	1	87
3	5	1	88
3	5	1	89
3	5	1	90
3	5	1	91
3	5	1	92
3	5	1	93
3	5	1	94
3	5	1	95
3	5	1	96
3	5	1	97
3	5	1	98
3	5	1	99
3	5	1	100
3	5	1	101
3	5	1	102
3	5	1	103
3	5	1	104
3	5	1	105
3	5	1	106
3	5	1	107
3	5	1	108
3	5	1	109
3	5	1	110
3	5	1	111
3	5	1	112
3	5	1	113
3	5	1	114
3	5	1	115
3	5	1	116
3	5	1	117
3	5	1	118
3	5	1	119
3	5	1	120
3	5	1	121
3	5	1	122
3	5	1	123
3	5	1	124
3	5	1	125
3	5	1	126
3	5	1	127
3	5	2	0
3	5	2	1
3	5	2	2
3	5	2	3
3	5	2	4
3	5	2	5
3	5	2	6
3	5	2	7
3	5	2	8
3	5	2	9
3	5	2	10
3	5	2	11
3	5	2	12
3	5	2	13
3	5	2	14
3	5	2	15
3	5	2	16
3	5	2	17
3	5	2	18
3	5	2	19
3	5	2	20
3	5	2	21
3	5	2	22
3	5	2	23
3	5	2	24
3	5	2	25
3	5	2	26
3	5	2	27
3	5	2	28
3	5	2	29
3	5	2	30
3	5	2	31
3	5	2	32
3	5	2	33
3	5	2	34
3	5	2	35
3	5	2	36
3	5	2	37
3	5	2	38
3	5	2	39
3	5	2	40
3	5	2	41
3	5	2	42
3	5	2	43
3	5	2	44
3	5	2	45
3	5	2	46
3	5	2	47
3	5	2	48
3	5	2	49
3	5	2	50
3	5	2	51
3	5	2	52
3	5	2	53
3	5	2	54
3	5	2	55
3	5	2	56
3	5	2	57
3	5	2	58
3	5	2	59
3	5	2	60
3	5	2	61
3	5	2	62
3	5	2	63
3	5	2	64
3	5	2	65
3	5	2	66
3	5	2	67
3	5	2	68
3	5	2	69
3	5	2	70
3	5	2	71
3	5	2	72
3	5	2	73
3	5	2	74
3	5	2	75
3	5	2	76
3	5	2	77
3	5	2	78
3	5	2	79
3	5	2	80
3	5	2	81
3	5	2	82
3	5	2	83
3	5	2	84
3	5	2	85
3	5	2	86
3	5	2	87
3	5	2	88
3	5	2	89
3	5	2	90
3	5	2	91
3	5	2	92
3	5	2	93
3	5	2	94
3	5	2	95
3	5	2	96
3	5	2	97
3	5	2	98
3	5	2	99
3	5	2	100
3	5	2	101
3	5	2	102
3	5	2	103
3	5	2	104
3	5	2	105
3	5	2	106
3	5	2	107
3	5	2	108
3	5	2	109
3	5	2	110
3	5	2	111
3	5	2	112
3	5	2	113
3	5	2	114
3	5	2	115
3	5	2	116
3	5	2	117
3	5	2	118
3	5	2	119
3	5	2	120
3	5	2	121
3	5	2	122
3	5	2	123
3	5	2	124
3	5	2	125
3	5	2	126
3	5	2	127
3	5	3	0
3	5	3	1
3	5	3	2
3	5	3	3
3	5	3	4
3	5	3	5
3	5	3	6
3	5	3	7
3	5	3	8
3	5	3	9
3	5	3	10
3	5	3	11
3	5	3	12
3	5	3	13
3	5	3	14
3	5	3	15
3	5	3	16
3	5	3	17
3	5	3	18
3	5	3	19
3	5	3	20
3	5	3	21
3	5	3	22
3	5	3	23
3	5	3	24
3	5	3	25
3	5	3	26
3	5	3	27
3	5	3	28
3	5	3	29
3	5	3	30
3	5	3	31
3	5	3	32
3	5	3	33
3	5	3	34
3	5	3	35
3	5	3	36
3	5	3	37
3	5	3	38
3	5	3	39
3	5	3	40
3	5	3	41
3	5	3	42
3	5	3	43
3	5	3	44
3	5	3	45
3	5	3	46
3	5	3	47
3	5	3	48
3	5	3	49
3	5	3	50
3	5	3	51
3	5	3	52
3	5	3	53
3	5	3	54
3	5	3	55
3	5	3	56
3	5	3	57
3	5	3	58
3	5	3	59
3	5	3	60
3	5	3	61
3	5	3	62
3	5	3	63
3	5	3	64
3	5	3	65
3	5	3	66
3	5	3	67
3	5	3	68
3	5	3	69
3	5	3	70
3	5	3	71
3	5	3	72
3	5	3	73
3	5	3	74
3	5	3	75
3	5	3	76
3	5	3	77
3	5	3	78
3	5	3	79
3	5	3	80
3	5	3	81
3	5	3	82
3	5	3	83
3	5	3	84
3	5	3	85
3	5	3	86
3	5	3	87
3	5	3	88
3	5	3	89
3	5	3	90
3	5	3	91
3	5	3	92
3	5	3	93
3	5	3	94
3	5	3	95
3	5	3	96
3	5	3	97
3	5	3	98
3	5	3	99
3	5	3	100
3	5	3	101
3	5	3	102
3	5	3	103
3	5	3	104
3	5	3	105
3	5	3	106
3	5	3	107
3	5	3	108
3	5	3	109
3	5	3	110
3	5	3	111
3	5	3	112
3	5	3	113
3	5	3	114
3	5	3	115
3	5	3	116
3	5	3	117
3	5	3	118
3	5	3	119
3	5	3	120
3	5	3	121
3	5	3	122
3	5	3	123
3	5	3	124
3	5	3	125
3	5	3	126
3	5	3	127
3	5	4	0
3	5	4	1
3	5	4	2
3	5	4	3
3	5	4	4
3	5	4	5
3	5	4	6
3	5	4	7
3	5	4	8
3	5	4	9
3	5	4	10
3	5	4	11
3	5	4	12
3	5	4	13
3	5	4	14
3	5	4	15
3	5	4	16
3	5	4	17
3	5	4	18
3	5	4	19
3	5	4	20
3	5	4	21
3	5	4	22
3	5	4	23
3	5	4	24
3	5	4	25
3	5	4	26
3	5	4	27
3	5	4	28
3	5	4	29
3	5	4	30
3	5	4	31
3	5	4	32
3	5	4	33
3	5	4	34
3	5	4	35
3	5	4	36
3	5	4	37
3	5	4	38
3	5	4	39
3	5	4	40
3	5	4	41
3	5	4	42
3	5	4	43
3	5	4	44
3	5	4	45
3	5	4	46
3	5	4	47
3	5	4	48
3	5	4	49
3	5	4	50
3	5	4	51
3	5	4	52
3	5	4	53
3	5	4	54
3	5	4	55
3	5	4	56
3	5	4	57
3	5	4	58
3	5	4	59
3	5	4	60
3	5	4	61
3	5	4	62
3	5	4	63
3	5	4	64
3	5	4	65
3	5	4	66
3	5	4	67
3	5	4	68
3	5	4	69
3	5	4	70
3	5	4	71
3	5	4	72
3	5	4	73
3	5	4	74
3	5	4	75
3	5	4	76
3	5	4	77
3	5	4	78
3	5	4	79
3	5	4	80
3	5	4	81
3	5	4	82
3	5	4	83
3	5	4	84
3	5	4	85
3	5	4	86
3	5	4	87
3	5	4	88
3	5	4	89
3	5	4	90
3	5	4	91
3	5	4	92
3	5	4	93
3	5	4	94
3	5	4	95
3	5	4	96
3	5	4	97
3	5	4	98
3	5	4	99
3	5	4	100
3	5	4	101
3	5	4	102
3	5	4	103
3	5	4	104
3	5	4	105
3	5	4	106
3	5	4	107
3	5	4	108
3	5	4	109
3	5	4	110
3	5	4	111
3	5	4	112
3	5	4	113
3	5	4	114
3	5	4	115
3	5	4	116
3	5	4	117
3	5	4	118
3	5	4	119
3	5	4	120
3	5	4	121
3	5	4	122
3	5	4	123
3	5	4	124
3	5	4	125
3	5	4	126
3	5	4	127
3	5	5	0
3	5	5	1
3	5	5	2
3	5	5	3
3	5	5	4
3	5	5	5
3	5	5	6
3	5	5	7
3	5	5	8
3	5	5	9
3	5	5	10
3	5	5	11
3	5	5	12
3	5	5	13
3	5	5	14
3	5	5	15
3	5	5	16
3	5	5	17
3	5	5	18
3	5	5	19
3	5	5	20
3	5	5	21
3	5	5	22
3	5	5	23
3	5	5	24
3	5	5	25
3	5	5	26
3	5	5	27
3	5	5	28
3	5	5	29
3	5	5	30
3	5	5	31
3	5	5	32
3	5	5	33
3	5	5	34
3	5	5	35
3	5	5	36
3	5	5	37
3	5	5	38
3	5	5	39
3	5	5	40
3	5	5	41
3	5	5	42
3	5	5	43
3	5	5	44
3	5	5	45
3	5	5	46
3	5	5	47
3	5	5	48
3	5	5	49
3	5	5	50
3	5	5	51
3	5	5	52
3	5	5	53
3	5	5	54
3	5	5	55
3	5	5	56
3	5	5	57
3	5	5	58
3	5	5	59
3	5	5	60
3	5	5	61
3	5	5	62
3	5	5	63
3	5	5	64
3	5	5	65
3	5	5	66
3	5	5	67
3	5	5	68
3	5	5	69
3	5	5	70
3	5	5	71
3	5	5	72
3	5	5	73
3	5	5	74
3	5	5	75
3	5	5	76
3	5	5	77
3	5	5	78
3	5	5	79
3	5	5	80
3	5	5	81
3	5	5	82
3	5	5	83
3	5	5	84
3	5	5	85
3	5	5	86
3	5	5	87
3	5	5	88
3	5	5	89
3	5	5	90
3	5	5	91
3	5	5	92
3	5	5	93
3	5	5	94
3	5	5	95
3	5	5	96
3	5	5	97
3	5	5	98
3	5	5	99
3	5	5	100
3	5	5	101
3	5	5	102
3	5	5	103
3	5	5	104
3	5	5	105
3	5	5	106
3	5	5	107
3	5	5	108
3	5	5	109
3	5	5	110
3	5	5	111
3	5	5	112
3	5	5	113
3	5	5	114
3	5	5	115
3	5	5	116
3	5	5	117
3	5	5	118
3	5	5	119
3	5	5	120
3	5	5	121
3	5	5	122
3	5	5	123
3	5	5	124
3	5	5	125
3	5	5	126
3	5	5	127
3	5	6	0
3	5	6	1
3	5	6	2
3	5	6	3
3	5	6	4
3	5	6	5
3	5	6	6
3	5	6	7
3	5	6	8
3	5	6	9
3	5	6	10
3	5	6	11
3	5	6	12
3	5	6	13
3	5	6	14
3	5	6	15
3	5	6	16
3	5	6	17
3	5	6	18
3	5	6	19
3	5	6	20
3	5	6	21
3	5	6	22
3	5	6	23
3	5	6	24
3	5	6	25
3	5	6	26
3	5	6	27
3	5	6	28
3	5	6	29
3	5	6	30
3	5	6	31
3	5	6	32
3	5	6	33
3	5	6	34
3	5	6	35
3	5	6	36
3	5	6	37
3	5	6	38
3	5	6	39
3	5	6	40
3	5	6	41
3	5	6	42
3	5	6	43
3	5	6	44
3	5	6	45
3	5	6	46
3	5	6	47
3	5	6	48
3	5	6	49
3	5	6	50
3	5	6	51
3	5	6	52
3	5	6	53
3	5	6	54
3	5	6	55
3	5	6	56
3	5	6	57
3	5	6	58
3	5	6	59
3	5	6	60
3	5	6	61
3	5	6	62
3	5	6	63
3	5	6	64
3	5	6	65
3	5	6	66
3	5	6	67
3	5	6	68
3	5	6	69
3	5	6	70
3	5	6	71
3	5	6	72
3	5	6	73
3	5	6	74
3	5	6	75
3	5	6	76
3	5	6	77
3	5	6	78
3	5	6	79
3	5	6	80
3	5	6	81
3	5	6	82
3	5	6	83
3	5	6	84
3	5	6	85
3	5	6	86
3	5	6	87
3	5	6	88
3	5	6	89
3	5	6	90
3	5	6	91
3	5	6	92
3	5	6	93
3	5	6	94
3	5	6	95
3	5	6	96
3	5	6	97
3	5	6	98
3	5	6	99
3	5	6	100
3	5	6	101
3	5	6	102
3	5	6	103
3	5	6	104
3	5	6	105
3	5	6	106
3	5	6	107
3	5	6	108
3	5	6	109
3	5	6	110
3	5	6	111
3	5	6	112
3	5	6	113
3	5	6	114
3	5	6	115
3	5	6	116
3	5	6	117
3	5	6	118
3	5	6	119
3	5	6	120
3	5	6	121
3	5	6	122
3	5	6	123
3	5	6	124
3	5	6	125
3	5	6	126
3	5	6	127
3	5	7	0
3	5	7	1
3	5	7	2
3	5	7	3
3	5	7	4
3	5	7	5
3	5	7	6
3	5	7	7
3	5	7	8
3	5	7	9
3	5	7	10
3	5	7	11
3	5	7	12
3	5	7	13
3	5	7	14
3	5	7	15
3	5	7	16
3	5	7	17
3	5	7	18
3	5	7	19
3	5	7	20
3	5	7	21
3	5	7	22
3	5	7	23
3	5	7	24
3	5	7	25
3	5	7	26
3	5	7	27
3	5	7	28
3	5	7	29
3	5	7	30
3	5	7	31
3	5	7	32
3	5	7	33
3	5	7	34
3	5	7	35
3	5	7	36
3	5	7	37
3	5	7	38
3	5	7	39
3	5	7	40
3	5	7	41
3	5	7	42
3	5	7	43
3	5	7	44
3	5	7	45
3	5	7	46
3	5	7	47
3	5	7	48
3	5	7	49
3	5	7	50
3	5	7	51
3	5	7	52
3	5	7	53
3	5	7	54
3	5	7	55
3	5	7	56
3	5	7	57
3	5	7	58
3	5	7	59
3	5	7	60
3	5	7	61
3	5	7	62
3	5	7	63
3	5	7	64
3	5	7	65
3	5	7	66
3	5	7	67
3	5	7	68
3	5	7	69
3	5	7	70
3	5	7	71
3	5	7	72
3	5	7	73
3	5	7	74
3	5	7	75
3	5	7	76
3	5	7	77
3	5	7	78
3	5	7	79
3	5	7	80
3	5	7	81
3	5	7	82
3	5	7	83
3	5	7	84
3	5	7	85
3	5	7	86
3	5	7	87
3	5	7	88
3	5	7	89
3	5	7	90
3	5	7	91
3	5	7	92
3	5	7	93
3	5	7	94
3	5	7	95
3	5	7	96
3	5	7	97
3	5	7	98
3	5	7	99
3	5	7	100
3	5	7	101
3	5	7	102
3	5	7	103
3	5	7	104
3	5	7	105
3	5	7	106
3	5	7	107
3	5	7	108
3	5	7	109
3	5	7	110
3	5	7	111
3	5	7	112
3	5	7	113
3	5	7	114
3	5	7	115
3	5	7	116
3	5	7	117
3	5	7	118
3	5	7	119
3	5	7	120
3	5	7	121
3	5	7	122
3	5	7	123
3	5	7	124
3	5	7	125
3	5	7	126
3	5	7	127
3	5	8	0
3	5	8	1
3	5	8	2
3	5	8	3
3	5	8	4
3	5	8	5
3	5	8	6
3	5	8	7
3	5	8	8
3	5	8	9
3	5	8	10
3	5	8	11
3	5	8	12
3	5	8	13
3	5	8	14
3	5	8	15
3	5	8	16
3	5	8	17
3	5	8	18
3	5	8	19
3	5	8	20
3	5	8	21
3	5	8	22
3	5	8	23
3	5	8	24
3	5	8	25
3	5	8	26
3	5	8	27
3	5	8	28
3	5	8	29
3	5	8	30
3	5	8	31
3	5	8	32
3	5	8	33
3	5	8	34
3	5	8	35
3	5	8	36
3	5	8	37
3	5	8	38
3	5	8	39
3	5	8	40
3	5	8	41
3	5	8	42
3	5	8	43
3	5	8	44
3	5	8	45
3	5	8	46
3	5	8	47
3	5	8	48
3	5	8	49
3	5	8	50
3	5	8	51
3	5	8	52
3	5	8	53
3	5	8	54
3	5	8	55
3	5	8	56
3	5	8	57
3	5	8	58
3	5	8	59
3	5	8	60
3	5	8	61
3	5	8	62
3	5	8	63
3	5	8	64
3	5	8	65
3	5	8	66
3	5	8	67
3	5	8	68
3	5	8	69
3	5	8	70
3	5	8	71
3	5	8	72
3	5	8	73
3	5	8	74
3	5	8	75
3	5	8	76
3	5	8	77
3	5	8	78
3	5	8	79
3	5	8	80
3	5	8	81
3	5	8	82
3	5	8	83
3	5	8	84
3	5	8	85
3	5	8	86
3	5	8	87
3	5	8	88
3	5	8	89
3	5	8	90
3	5	8	91
3	5	8	92
3	5	8	93
3	5	8	94
3	5	8	95
3	5	8	96
3	5	8	97
3	5	8	98
3	5	8	99
3	5	8	100
3	5	8	101
3	5	8	102
3	5	8	103
3	5	8	104
3	5	8	105
3	5	8	106
3	5	8	107
3	5	8	108
3	5	8	109
3	5	8	110
3	5	8	111
3	5	8	112
3	5	8	113
3	5	8	114
3	5	8	115
3	5	8	116
3	5	8	117
3	5	8	118
3	5	8	119
3	5	8	120
3	5	8	121
3	5	8	122
3	5	8	123
3	5	8	124
3	5	8	125
3	5	8	126
3	5	8	127
3	5	9	0
3	5	9	1
3	5	9	2
3	5	9	3
3	5	9	4
3	5	9	5
3	5	9	6
3	5	9	7
3	5	9	8
3	5	9	9
3	5	9	10
3	5	9	11
3	5	9	12
3	5	9	13
3	5	9	14
3	5	9	15
3	5	9	16
3	5	9	17
3	5	9	18
3	5	9	19
3	5	9	20
3	5	9	21
3	5	9	22
3	5	9	23
3	5	9	24
3	5	9	25
3	5	9	26
3	5	9	27
3	5	9	28
3	5	9	29
3	5	9	30
3	5	9	31
3	5	9	32
3	5	9	33
3	5	9	34
3	5	9	35
3	5	9	36
3	5	9	37
3	5	9	38
3	5	9	39
3	5	9	40
3	5	9	41
3	5	9	42
3	5	9	43
3	5	9	44
3	5	9	45
3	5	9	46
3	5	9	47
3	5	9	48
3	5	9	49
3	5	9	50
3	5	9	51
3	5	9	52
3	5	9	53
3	5	9	54
3	5	9	55
3	5	9	56
3	5	9	57
3	5	9	58
3	5	9	59
3	5	9	60
3	5	9	61
3	5	9	62
3	5	9	63
3	5	9	64
3	5	9	65
3	5	9	66
3	5	9	67
3	5	9	68
3	5	9	69
3	5	9	70
3	5	9	71
3	5	9	72
3	5	9	73
3	5	9	74
3	5	9	75
3	5	9	76
3	5	9	77
3	5	9	78
3	5	9	79
3	5	9	80
3	5	9	81
3	5	9	82
3	5	9	83
3	5	9	84
3	5	9	85
3	5	9	86
3	5	9	87
3	5	9	88
3	5	9	89
3	5	9	90
3	5	9	91
3	5	9	92
3	5	9	93
3	5	9	94
3	5	9	95
3	5	9	96
3	5	9	97
3	5	9	98
3	5	9	99
3	5	9	100
3	5	9	101
3	5	9	102
3	5	9	103
3	5	9	104
3	5	9	105
3	5	9	106
3	5	9	107
3	5	9	108
3	5	9	109
3	5	9	110
3	5	9	111
3	5	9	112
3	5	9	113
3	5	9	114
3	5	9	115
3	5	9	116
3	5	9	117
3	5	9	118
3	5	9	119
3	5	9	120
3	5	9	121
3	5	9	122
3	5	9	123
3	5	9	124
3	5	9	125
3	5	9	126
3	5	9	127
3	5	10	0
3	5	10	1
3	5	10	2
3	5	10	3
3	5	10	4
3	5	10	5
3	5	10	6
3	5	10	7
3	5	10	8
3	5	10	9
3	5	10	10
3	5	10	11
3	5	10	12
3	5	10	13
3	5	10	14
3	5	10	15
3	5	10	16
3	5	10	17
3	5	10	18
3	5	10	19
3	5	10	20
3	5	10	21
3	5	10	22
3	5	10	23
3	5	10	24
3	5	10	25
3	5	10	26
3	5	10	27
3	5	10	28
3	5	10	29
3	5	10	30
3	5	10	31
3	5	10	32
3	5	10	33
3	5	10	34
3	5	10	35
3	5	10	36
3	5	10	37
3	5	10	38
3	5	10	39
3	5	10	40
3	5	10	41
3	5	10	42
3	5	10	43
3	5	10	44
3	5	10	45
3	5	10	46
3	5	10	47
3	5	10	48
3	5	10	49
3	5	10	50
3	5	10	51
3	5	10	52
3	5	10	53
3	5	10	54
3	5	10	55
3	5	10	56
3	5	10	57
3	5	10	58
3	5	10	59
3	5	10	60
3	5	10	61
3	5	10	62
3	5	10	63
3	5	10	64
3	5	10	65
3	5	10	66
3	5	10	67
3	5	10	68
3	5	10	69
3	5	10	70
3	5	10	71
3	5	10	72
3	5	10	73
3	5	10	74
3	5	10	75
3	5	10	76
3	5	10	77
3	5	10	78
3	5	10	79
3	5	10	80
3	5	10	81
3	5	10	82
3	5	10	83
3	5	10	84
3	5	10	85
3	5	10	86
3	5	10	87
3	5	10	88
3	5	10	89
3	5	10	90
3	5	10	91
3	5	10	92
3	5	10	93
3	5	10	94
3	5	10	95
3	5	10	96
3	5	10	97
3	5	10	98
3	5	10	99
3	5	10	100
3	5	10	101
3	5	10	102
3	5	10	103
3	5	10	104
3	5	10	105
3	5	10	106
3	5	10	107
3	5	10	108
3	5	10	109
3	5	10	110
3	5	10	111
3	5	10	112
3	5	10	113
3	5	10	114
3	5	10	115
3	5	10	116
3	5	10	117
3	5	10	118
3	5	10	119
3	5	10	120
3	5	10	121
3	5	10	122
3	5	10	123
3	5	10	124
3	5	10	125
3	5	10	126
3	5	10	127
3	5	11	0
3	5	11	1
3	5	11	2
3	5	11	3
3	5	11	4
3	5	11	5
3	5	11	6
3	5	11	7
3	5	11	8
3	5	11	9
3	5	11	10
3	5	11	11
3	5	11	12
3	5	11	13
3	5	11	14
3	5	11	15
3	5	11	16
3	5	11	17
3	5	11	18
3	5	11	19
3	5	11	20
3	5	11	21
3	5	11	22
3	5	11	23
3	5	11	24
3	5	11	25
3	5	11	26
3	5	11	27
3	5	11	28
3	5	11	29
3	5	11	30
3	5	11	31
3	5	11	32
3	5	11	33
3	5	11	34
3	5	11	35
3	5	11	36
3	5	11	37
3	5	11	38
3	5	11	39
3	5	11	40
3	5	11	41
3	5	11	42
3	5	11	43
3	5	11	44
3	5	11	45
3	5	11	46
3	5	11	47
3	5	11	48
3	5	11	49
3	5	11	50
3	5	11	51
3	5	11	52
3	5	11	53
3	5	11	54
3	5	11	55
3	5	11	56
3	5	11	57
3	5	11	58
3	5	11	59
3	5	11	60
3	5	11	61
3	5	11	62
3	5	11	63
3	5	11	64
3	5	11	65
3	5	11	66
3	5	11	67
3	5	11	68
3	5	11	69
3	5	11	70
3	5	11	71
3	5	11	72
3	5	11	73
3	5	11	74
3	5	11	75
3	5	11	76
3	5	11	77
3	5	11	78
3	5	11	79
3	5	11	80
3	5	11	81
3	5	11	82
3	5	11	83
3	5	11	84
3	5	11	85
3	5	11	86
3	5	11	87
3	5	11	88
3	5	11	89
3	5	11	90
3	5	11	91
3	5	11	92
3	5	11	93
3	5	11	94
3	5	11	95
3	5	11	96
3	5	11	97
3	5	11	98
3	5	11	99
3	5	11	100
3	5	11	101
3	5	11	102
3	5	11	103
3	5	11	104
3	5	11	105
3	5	11	106
3	5	11	107
3	5	11	108
3	5	11	109
3	5	11	110
3	5	11	111
3	5	11	112
3	5	11	113
3	5	11	114
3	5	11	115
3	5	11	116
3	5	11	117
3	5	11	118
3	5	11	119
3	5	11	120
3	5	11	121
3	5	11	122
3	5	11	123
3	5	11	124
3	5	11	125
3	5	11	126
3	5	11	127
3	5	12	0
3	5	12	1
3	5	12	2
3	5	12	3
3	5	12	4
3	5	12	5
3	5	12	6
3	5	12	7
3	5	12	8
3	5	12	9
3	5	12	10
3	5	12	11
3	5	12	12
3	5	12	13
3	5	12	14
3	5	12	15
3	5	12	16
3	5	12	17
3	5	12	18
3	5	12	19
3	5	12	20
3	5	12	21
3	5	12	22
3	5	12	23
3	5	12	24
3	5	12	25
3	5	12	26
3	5	12	27
3	5	12	28
3	5	12	29
3	5	12	30
3	5	12	31
3	5	12	32
3	5	12	33
3	5	12	34
3	5	12	35
3	5	12	36
3	5	12	37
3	5	12	38
3	5	12	39
3	5	12	40
3	5	12	41
3	5	12	42
3	5	12	43
3	5	12	44
3	5	12	45
3	5	12	46
3	5	12	47
3	5	12	48
3	5	12	49
3	5	12	50
3	5	12	51
3	5	12	52
3	5	12	53
3	5	12	54
3	5	12	55
3	5	12	56
3	5	12	57
3	5	12	58
3	5	12	59
3	5	12	60
3	5	12	61
3	5	12	62
3	5	12	63
3	5	12	64
3	5	12	65
3	5	12	66
3	5	12	67
3	5	12	68
3	5	12	69
3	5	12	70
3	5	12	71
3	5	12	72
3	5	12	73
3	5	12	74
3	5	12	75
3	5	12	76
3	5	12	77
3	5	12	78
3	5	12	79
3	5	12	80
3	5	12	81
3	5	12	82
3	5	12	83
3	5	12	84
3	5	12	85
3	5	12	86
3	5	12	87
3	5	12	88
3	5	12	89
3	5	12	90
3	5	12	91
3	5	12	92
3	5	12	93
3	5	12	94
3	5	12	95
3	5	12	96
3	5	12	97
3	5	12	98
3	5	12	99
3	5	12	100
3	5	12	101
3	5	12	102
3	5	12	103
3	5	12	104
3	5	12	105
3	5	12	106
3	5	12	107
3	5	12	108
3	5	12	109
3	5	12	110
3	5	12	111
3	5	12	112
3	5	12	113
3	5	12	114
3	5	12	115
3	5	12	116
3	5	12	117
3	5	12	118
3	5	12	119
3	5	12	120
3	5	12	121
3	5	12	122
3	5	12	123
3	5	12	124
3	5	12	125
3	5	12	126
3	5	12	127
3	5	13	0
3	5	13	1
3	5	13	2
3	5	13	3
3	5	13	4
3	5	13	5
3	5	13	6
3	5	13	7
3	5	13	8
3	5	13	9
3	5	13	10
3	5	13	11
3	5	13	12
3	5	13	13
3	5	13	14
3	5	13	15
3	5	13	16
3	5	13	17
3	5	13	18
3	5	13	19
3	5	13	20
3	5	13	21
3	5	13	22
3	5	13	23
3	5	13	24
3	5	13	25
3	5	13	26
3	5	13	27
3	5	13	28
3	5	13	29
3	5	13	30
3	5	13	31
3	5	13	32
3	5	13	33
3	5	13	34
3	5	13	35
3	5	13	36
3	5	13	37
3	5	13	38
3	5	13	39
3	5	13	40
3	5	13	41
3	5	13	42
3	5	13	43
3	5	13	44
3	5	13	45
3	5	13	46
3	5	13	47
3	5	13	48
3	5	13	49
3	5	13	50
3	5	13	51
3	5	13	52
3	5	13	53
3	5	13	54
3	5	13	55
3	5	13	56
3	5	13	57
3	5	13	58
3	5	13	59
3	5	13	60
3	5	13	61
3	5	13	62
3	5	13	63
3	5	13	64
3	5	13	65
3	5	13	66
3	5	13	67
3	5	13	68
3	5	13	69
3	5	13	70
3	5	13	71
3	5	13	72
3	5	13	73
3	5	13	74
3	5	13	75
3	5	13	76
3	5	13	77
3	5	13	78
3	5	13	79
3	5	13	80
3	5	13	81
3	5	13	82
3	5	13	83
3	5	13	84
3	5	13	85
3	5	13	86
3	5	13	87
3	5	13	88
3	5	13	89
3	5	13	90
3	5	13	91
3	5	13	92
3	5	13	93
3	5	13	94
3	5	13	95
3	5	13	96
3	5	13	97
3	5	13	98
3	5	13	99
3	5	13	100
3	5	13	101
3	5	13	102
3	5	13	103
3	5	13	104
3	5	13	105
3	5	13	106
3	5	13	107
3	5	13	108
3	5	13	109
3	5	13	110
3	5	13	111
3	5	13	112
3	5	13	113
3	5	13	114
3	5	13	115
3	5	13	116
3	5	13	117
3	5	13	118
3	5	13	119
3	5	13	120
3	5	13	121
3	5	13	122
3	5	13	123
3	5	13	124
3	5	13	125
3	5	13	126
3	5	13	127
3	5	14	0
3	5	14	1
3	5	14	2
3	5	14	3
3	5	14	4
3	5	14	5
3	5	14	6
3	5	14	7
3	5	14	8
3	5	14	9
3	5	14	10
3	5	14	11
3	5	14	12
3	5	14	13
3	5	14	14
3	5	14	15
3	5	14	16
3	5	14	17
3	5	14	18
3	5	14	19
3	5	14	20
3	5	14	21
3	5	14	22
3	5	14	23
3	5	14	24
3	5	14	25
3	5	14	26
3	5	14	27
3	5	14	28
3	5	14	29
3	5	14	30
3	5	14	31
3	5	14	32
3	5	14	33
3	5	14	34
3	5	14	35
3	5	14	36
3	5	14	37
3	5	14	38
3	5	14	39
3	5	14	40
3	5	14	41
3	5	14	42
3	5	14	43
3	5	14	44
3	5	14	45
3	5	14	46
3	5	14	47
3	5	14	48
3	5	14	49
3	5	14	50
3	5	14	51
3	5	14	52
3	5	14	53
3	5	14	54
3	5	14	55
3	5	14	56
3	5	14	57
3	5	14	58
3	5	14	59
3	5	14	60
3	5	14	61
3	5	14	62
3	5	14	63
3	5	14	64
3	5	14	65
3	5	14	66
3	5	14	67
3	5	14	68
3	5	14	69
3	5	14	70
3	5	14	71
3	5	14	72
3	5	14	73
3	5	14	74
3	5	14	75
3	5	14	76
3	5	14	77
3	5	14	78
3	5	14	79
3	5	14	80
3	5	14	81
3	5	14	82
3	5	14	83
3	5	14	84
3	5	14	85
3	5	14	86
3	5	14	87
3	5	14	88
3	5	14	89
3	5	14	90
3	5	14	91
3	5	14	92
3	5	14	93
3	5	14	94
3	5	14	95
3	5	14	96
3	5	14	97
3	5	14	98
3	5	14	99
3	5	14	100
3	5	14	101
3	5	14	102
3	5	14	103
3	5	14	104
3	5	14	105
3	5	14	106
3	5	14	107
3	5	14	108
3	5	14	109
3	5	14	110
3	5	14	111
3	5	14	112
3	5	14	113
3	5	14	114
3	5	14	115
3	5	14	116
3	5	14	117
3	5	14	118
3	5	14	119
3	5	14	120
3	5	14	121
3	5	14	122
3	5	14	123
3	5	14	124
3	5	14	125
3	5	14	126
3	5	14	127
3	5	15	0
3	5	15	1
3	5	15	2
3	5	15	3
3	5	15	4
3	5	15	5
3	5	15	6
3	5	15	7
3	5	15	8
3	5	15	9
3	5	15	10
3	5	15	11
3	5	15	12
3	5	15	13
3	5	15	14
3	5	15	15
3	5	15	16
3	5	15	17
3	5	15	18
3	5	15	19
3	5	15	20
3	5	15	21
3	5	15	22
3	5	15	23
3	5	15	24
3	5	15	25
3	5	15	26
3	5	15	27
3	5	15	28
3	5	15	29
3	5	15	30
3	5	15	31
3	5	15	32
3	5	15	33
3	5	15	34
3	5	15	35
3	5	15	36
3	5	15	37
3	5	15	38
3	5	15	39
3	5	15	40
3	5	15	41
3	5	15	42
3	5	15	43
3	5	15	44
3	5	15	45
3	5	15	46
3	5	15	47
3	5	15	48
3	5	15	49
3	5	15	50
3	5	15	51
3	5	15	52
3	5	15	53
3	5	15	54
3	5	15	55
3	5	15	56
3	5	15	57
3	5	15	58
3	5	15	59
3	5	15	60
3	5	15	61
3	5	15	62
3	5	15	63
3	5	15	64
3	5	15	65
3	5	15	66
3	5	15	67
3	5	15	68
3	5	15	69
3	5	15	70
3	5	15	71
3	5	15	72
3	5	15	73
3	5	15	74
3	5	15	75
3	5	15	76
3	5	15	77
3	5	15	78
3	5	15	79
3	5	15	80
3	5	15	81
3	5	15	82
3	5	15	83
3	5	15	84
3	5	15	85
3	5	15	86
3	5	15	87
3	5	15	88
3	5	15	89
3	5	15	90
3	5	15	91
3	5	15	92
3	5	15	93
3	5	15	94
3	5	15	95
3	5	15	96
3	5	15	97
3	5	15	98
3	5	15	99
3	5	15	100
3	5	15	101
3	5	15	102
3	5	15	103
3	5	15	104
3	5	15	105
3	5	15	106
3	5	15	107
3	5	15	108
3	5	15	109
3	5	15	110
3	5	15	111
3	5	15	112
3	5	15	113
3	5	15	114
3	5	15	115
3	5	15	116
3	5	15	117
3	5	15	118
3	5	15	119
3	5	15	120
3	5	15	121
3	5	15	122
3	5	15	123
3	5	15	124
3	5	15	125
3	5	15	126
3	5	15	127
3	5	16	0
3	5	16	1
3	5	16	2
3	5	16	3
3	5	16	4
3	5	16	5
3	5	16	6
3	5	16	7
3	5	16	8
3	5	16	9
3	5	16	10
3	5	16	11
3	5	16	12
3	5	16	13
3	5	16	14
3	5	16	15
3	5	16	16
3	5	16	17
3	5	16	18
3	5	16	19
3	5	16	20
3	5	16	21
3	5	16	22
3	5	16	23
3	5	16	24
3	5	16	25
3	5	16	26
3	5	16	27
3	5	16	28
3	5	16	29
3	5	16	30
3	5	16	31
3	5	16	32
3	5	16	33
3	5	16	34
3	5	16	35
3	5	16	36
3	5	16	37
3	5	16	38
3	5	16	39
3	5	16	40
3	5	16	41
3	5	16	42
3	5	16	43
3	5	16	44
3	5	16	45
3	5	16	46
3	5	16	47
3	5	16	48
3	5	16	49
3	5	16	50
3	5	16	51
3	5	16	52
3	5	16	53
3	5	16	54
3	5	16	55
3	5	16	56
3	5	16	57
3	5	16	58
3	5	16	59
3	5	16	60
3	5	16	61
3	5	16	62
3	5	16	63
3	5	16	64
3	5	16	65
3	5	16	66
3	5	16	67
3	5	16	68
3	5	16	69
3	5	16	70
3	5	16	71
3	5	16	72
3	5	16	73
3	5	16	74
3	5	16	75
3	5	16	76
3	5	16	77
3	5	16	78
3	5	16	79
3	5	16	80
3	5	16	81
3	5	16	82
3	5	16	83
3	5	16	84
3	5	16	85
3	5	16	86
3	5	16	87
3	5	16	88
3	5	16	89
3	5	16	90
3	5	16	91
3	5	16	92
3	5	16	93
3	5	16	94
3	5	16	95
3	5	16	96
3	5	16	97
3	5	16	98
3	5	16	99
3	5	16	100
3	5	16	101
3	5	16	102
3	5	16	103
3	5	16	104
3	5	16	105
3	5	16	106
3	5	16	107
3	5	16	108
3	5	16	109
3	5	16	110
3	5	16	111
3	5	16	112
3	5	16	113
3	5	16	114
3	5	16	115
3	5	16	116
3	5	16	117
3	5	16	118
3	5	16	119
3	5	16	120
3	5	16	121
3	5	16	122
3	5	16	123
3	5	16	124
3	5	16	125
3	5	16	126
3	5	16	127
3	5	17	0
3	5	17	1
3	5	17	2
3	5	17	3
3	5	17	4
3	5	17	5
3	5	17	6
3	5	17	7
3	5	17	8
3	5	17	9
3	5	17	10
3	5	17	11
3	5	17	12
3	5	17	13
3	5	17	14
3	5	17	15
3	5	17	16
3	5	17	17
3	5	17	18
3	5	17	19
3	5	17	20
3	5	17	21
3	5	17	22
3	5	17	23
3	5	17	24
3	5	17	25
3	5	17	26
3	5	17	27
3	5	17	28
3	5	17	29
3	5	17	30
3	5	17	31
3	5	17	32
3	5	17	33
3	5	17	34
3	5	17	35
3	5	17	36
3	5	17	37
3	5	17	38
3	5	17	39
3	5	17	40
3	5	17	41
3	5	17	42
3	5	17	43
3	5	17	44
3	5	17	45
3	5	17	46
3	5	17	47
3	5	17	48
3	5	17	49
3	5	17	50
3	5	17	51
3	5	17	52
3	5	17	53
3	5	17	54
3	5	17	55
3	5	17	56
3	5	17	57
3	5	17	58
3	5	17	59
3	5	17	60
3	5	17	61
3	5	17	62
3	5	17	63
3	5	17	64
3	5	17	65
3	5	17	66
3	5	17	67
3	5	17	68
3	5	17	69
3	5	17	70
3	5	17	71
3	5	17	72
3	5	17	73
3	5	17	74
3	5	17	75
3	5	17	76
3	5	17	77
3	5	17	78
3	5	17	79
3	5	17	80
3	5	17	81
3	5	17	82
3	5	17	83
3	5	17	84
3	5	17	85
3	5	17	86
3	5	17	87
3	5	17	88
3	5	17	89
3	5	17	90
3	5	17	91
3	5	17	92
3	5	17	93
3	5	17	94
3	5	17	95
3	5	17	96
3	5	17	97
3	5	17	98
3	5	17	99
3	5	17	100
3	5	17	101
3	5	17	102
3	5	17	103
3	5	17	104
3	5	17	105
3	5	17	106
3	5	17	107
3	5	17	108
3	5	17	109
3	5	17	110
3	5	17	111
3	5	17	112
3	5	17	113
3	5	17	114
3	5	17	115
3	5	17	116
3	5	17	117
3	5	17	118
3	5	17	119
3	5	17	120
3	5	17	121
3	5	17	122
3	5	17	123
3	5	17	124
3	5	17	125
3	5	17	126
3	5	17	127
3	5	18	0
3	5	18	1
3	5	18	2
3	5	18	3
3	5	18	4
3	5	18	5
3	5	18	6
3	5	18	7
3	5	18	8
3	5	18	9
3	5	18	10
3	5	18	11
3	5	18	12
3	5	18	13
3	5	18	14
3	5	18	15
3	5	18	16
3	5	18	17
3	5	18	18
3	5	18	19
3	5	18	20
3	5	18	21
3	5	18	22
3	5	18	23
3	5	18	24
3	5	18	25
3	5	18	26
3	5	18	27
3	5	18	28
3	5	18	29
3	5	18	30
3	5	18	31
3	5	18	32
3	5	18	33
3	5	18	34
3	5	18	35
3	5	18	36
3	5	18	37
3	5	18	38
3	5	18	39
3	5	18	40
3	5	18	41
3	5	18	42
3	5	18	43
3	5	18	44
3	5	18	45
3	5	18	46
3	5	18	47
3	5	18	48
3	5	18	49
3	5	18	50
3	5	18	51
3	5	18	52
3	5	18	53
3	5	18	54
3	5	18	55
3	5	18	56
3	5	18	57
3	5	18	58
3	5	18	59
3	5	18	60
3	5	18	61
3	5	18	62
3	5	18	63
3	5	18	64
3	5	18	65
3	5	18	66
3	5	18	67
3	5	18	68
3	5	18	69
3	5	18	70
3	5	18	71
3	5	18	72
3	5	18	73
3	5	18	74
3	5	18	75
3	5	18	76
3	5	18	77
3	5	18	78
3	5	18	79
3	5	18	80
3	5	18	81
3	5	18	82
3	5	18	83
3	5	18	84
3	5	18	85
3	5	18	86
3	5	18	87
3	5	18	88
3	5	18	89
3	5	18	90
3	5	18	91
3	5	18	92
3	5	18	93
3	5	18	94
3	5	18	95
3	5	18	96
3	5	18	97
3	5	18	98
3	5	18	99
3	5	18	100
3	5	18	101
3	5	18	102
3	5	18	103
3	5	18	104
3	5	18	105
3	5	18	106
3	5	18	107
3	5	18	108
3	5	18	109
3	5	18	110
3	5	18	111
3	5	18	112
3	5	18	113
3	5	18	114
3	5	18	115
3	5	18	116
3	5	18	117
3	5	18	118
3	5	18	119
3	5	18	120
3	5	18	121
3	5	18	122
3	5	18	123
3	5	18	124
3	5	18	125
3	5	18	126
3	5	18	127
3	5	19	0
3	5	19	1
3	5	19	2
3	5	19	3
3	5	19	4
3	5	19	5
3	5	19	6
3	5	19	7
3	5	19	8
3	5	19	9
3	5	19	10
3	5	19	11
3	5	19	12
3	5	19	13
3	5	19	14
3	5	19	15
3	5	19	16
3	5	19	17
3	5	19	18
3	5	19	19
3	5	19	20
3	5	19	21
3	5	19	22
3	5	19	23
3	5	19	24
3	5	19	25
3	5	19	26
3	5	19	27
3	5	19	28
3	5	19	29
3	5	19	30
3	5	19	31
3	5	19	32
3	5	19	33
3	5	19	34
3	5	19	35
3	5	19	36
3	5	19	37
3	5	19	38
3	5	19	39
3	5	19	40
3	5	19	41
3	5	19	42
3	5	19	43
3	5	19	44
3	5	19	45
3	5	19	46
3	5	19	47
3	5	19	48
3	5	19	49
3	5	19	50
3	5	19	51
3	5	19	52
3	5	19	53
3	5	19	54
3	5	19	55
3	5	19	56
3	5	19	57
3	5	19	58
3	5	19	59
3	5	19	60
3	5	19	61
3	5	19	62
3	5	19	63
3	5	19	64
3	5	19	65
3	5	19	66
3	5	19	67
3	5	19	68
3	5	19	69
3	5	19	70
3	5	19	71
3	5	19	72
3	5	19	73
3	5	19	74
3	5	19	75
3	5	19	76
3	5	19	77
3	5	19	78
3	5	19	79
3	5	19	80
3	5	19	81
3	5	19	82
3	5	19	83
3	5	19	84
3	5	19	85
3	5	19	86
3	5	19	87
3	5	19	88
3	5	19	89
3	5	19	90
3	5	19	91
3	5	19	92
3	5	19	93
3	5	19	94
3	5	19	95
3	5	19	96
3	5	19	97
3	5	19	98
3	5	19	99
3	5	19	100
3	5	19	101
3	5	19	102
3	5	19	103
3	5	19	104
3	5	19	105
3	5	19	106
3	5	19	107
3	5	19	108
3	5	19	109
3	5	19	110
3	5	19	111
3	5	19	112
3	5	19	113
3	5	19	114
3	5	19	115
3	5	19	116
3	5	19	117
3	5	19	118
3	5	19	119
3	5	19	120
3	5	19	121
3	5	19	122
3	5	19	123
3	5	19	124
3	5	19	125
3	5	19	126
3	5	19	127
3	5	20	0
3	5	20	1
3	5	20	2
3	5	20	3
3	5	20	4
3	5	20	5
3	5	20	6
3	5	20	7
3	5	20	8
3	5	20	9
3	5	20	10
3	5	20	11
3	5	20	12
3	5	20	13
3	5	20	14
3	5	20	15
3	5	20	16
3	5	20	17
3	5	20	18
3	5	20	19
3	5	20	20
3	5	20	21
3	5	20	22
3	5	20	23
3	5	20	24
3	5	20	25
3	5	20	26
3	5	20	27
3	5	20	28
3	5	20	29
3	5	20	30
3	5	20	31
3	5	20	32
3	5	20	33
3	5	20	34
3	5	20	35
3	5	20	36
3	5	20	37
3	5	20	38
3	5	20	39
3	5	20	40
3	5	20	41
3	5	20	42
3	5	20	43
3	5	20	44
3	5	20	45
3	5	20	46
3	5	20	47
3	5	20	48
3	5	20	49
3	5	20	50
3	5	20	51
3	5	20	52
3	5	20	53
3	5	20	54
3	5	20	55
3	5	20	56
3	5	20	57
3	5	20	58
3	5	20	59
3	5	20	60
3	5	20	61
3	5	20	62
3	5	20	63
3	5	20	64
3	5	20	65
3	5	20	66
3	5	20	67
3	5	20	68
3	5	20	69
3	5	20	70
3	5	20	71
3	5	20	72
3	5	20	73
3	5	20	74
3	5	20	75
3	5	20	76
3	5	20	77
3	5	20	78
3	5	20	79
3	5	20	80
3	5	20	81
3	5	20	82
3	5	20	83
3	5	20	84
3	5	20	85
3	5	20	86
3	5	20	87
3	5	20	88
3	5	20	89
3	5	20	90
3	5	20	91
3	5	20	92
3	5	20	93
3	5	20	94
3	5	20	95
3	5	20	96
3	5	20	97
3	5	20	98
3	5	20	99
3	5	20	100
3	5	20	101
3	5	20	102
3	5	20	103
3	5	20	104
3	5	20	105
3	5	20	106
3	5	20	107
3	5	20	108
3	5	20	109
3	5	20	110
3	5	20	111
3	5	20	112
3	5	20	113
3	5	20	114
3	5	20	115
3	5	20	116
3	5	20	117
3	5	20	118
3	5	20	119
3	5	20	120
3	5	20	121
3	5	20	122
3	5	20	123
3	5	20	124
3	5	20	125
3	5	20	126
3	5	20	127
3	5	21	0
3	5	21	1
3	5	21	2
3	5	21	3
3	5	21	4
3	5	21	5
3	5	21	6
3	5	21	7
3	5	21	8
3	5	21	9
3	5	21	10
3	5	21	11
3	5	21	12
3	5	21	13
3	5	21	14
3	5	21	15
3	5	21	16
3	5	21	17
3	5	21	18
3	5	21	19
3	5	21	20
3	5	21	21
3	5	21	22
3	5	21	23
3	5	21	24
3	5	21	25
3	5	21	26
3	5	21	27
3	5	21	28
3	5	21	29
3	5	21	30
3	5	21	31
3	5	21	32
3	5	21	33
3	5	21	34
3	5	21	35
3	5	21	36
3	5	21	37
3	5	21	38
3	5	21	39
3	5	21	40
3	5	21	41
3	5	21	42
3	5	21	43
3	5	21	44
3	5	21	45
3	5	21	46
3	5	21	47
3	5	21	48
3	5	21	49
3	5	21	50
3	5	21	51
3	5	21	52
3	5	21	53
3	5	21	54
3	5	21	55
3	5	21	56
3	5	21	57
3	5	21	58
3	5	21	59
3	5	21	60
3	5	21	61
3	5	21	62
3	5	21	63
3	5	21	64
3	5	21	65
3	5	21	66
3	5	21	67
3	5	21	68
3	5	21	69
3	5	21	70
3	5	21	71
3	5	21	72
3	5	21	73
3	5	21	74
3	5	21	75
3	5	21	76
3	5	21	77
3	5	21	78
3	5	21	79
3	5	21	80
3	5	21	81
3	5	21	82
3	5	21	83
3	5	21	84
3	5	21	85
3	5	21	86
3	5	21	87
3	5	21	88
3	5	21	89
3	5	21	90
3	5	21	91
3	5	21	92
3	5	21	93
3	5	21	94
3	5	21	95
3	5	21	96
3	5	21	97
3	5	21	98
3	5	21	99
3	5	21	100
3	5	21	101
3	5	21	102
3	5	21	103
3	5	21	104
3	5	21	105
3	5	21	106
3	5	21	107
3	5	21	108
3	5	21	109
3	5	21	110
3	5	21	111
3	5	21	112
3	5	21	113
3	5	21	114
3	5	21	115
3	5	21	116
3	5	21	117
3	5	21	118
3	5	21	119
3	5	21	120
3	5	21	121
3	5	21	122
3	5	21	123
3	5	21	124
3	5	21	125
3	5	21	126
3	5	21	127
3	5	22	0
3	5	22	1
3	5	22	2
3	5	22	3
3	5	22	4
3	5	22	5
3	5	22	6
3	5	22	7
3	5	22	8
3	5	22	9
3	5	22	10
3	5	22	11
3	5	22	12
3	5	22	13
3	5	22	14
3	5	22	15
3	5	22	16
3	5	22	17
3	5	22	18
3	5	22	19
3	5	22	20
3	5	22	21
3	5	22	22
3	5	22	23
3	5	22	24
3	5	22	25
3	5	22	26
3	5	22	27
3	5	22	28
3	5	22	29
3	5	22	30
3	5	22	31
3	5	22	32
3	5	22	33
3	5	22	34
3	5	22	35
3	5	22	36
3	5	22	37
3	5	22	38
3	5	22	39
3	5	22	40
3	5	22	41
3	5	22	42
3	5	22	43
3	5	22	44
3	5	22	45
3	5	22	46
3	5	22	47
3	5	22	48
3	5	22	49
3	5	22	50
3	5	22	51
3	5	22	52
3	5	22	53
3	5	22	54
3	5	22	55
3	5	22	56
3	5	22	57
3	5	22	58
3	5	22	59
3	5	22	60
3	5	22	61
3	5	22	62
3	5	22	63
3	5	22	64
3	5	22	65
3	5	22	66
3	5	22	67
3	5	22	68
3	5	22	69
3	5	22	70
3	5	22	71
3	5	22	72
3	5	22	73
3	5	22	74
3	5	22	75
3	5	22	76
3	5	22	77
3	5	22	78
3	5	22	79
3	5	22	80
3	5	22	81
3	5	22	82
3	5	22	83
3	5	22	84
3	5	22	85
3	5	22	86
3	5	22	87
3	5	22	88
3	5	22	89
3	5	22	90
3	5	22	91
3	5	22	92
3	5	22	93
3	5	22	94
3	5	22	95
3	5	22	96
3	5	22	97
3	5	22	98
3	5	22	99
3	5	22	100
3	5	22	101
3	5	22	102
3	5	22	103
3	5	22	104
3	5	22	105
3	5	22	106
3	5	22	107
3	5	22	108
3	5	22	109
3	5	22	110
3	5	22	111
3	5	22	112
3	5	22	113
3	5	22	114
3	5	22	115
3	5	22	116
3	5	22	117
3	5	22	118
3	5	22	119
3	5	22	120
3	5	22	121
3	5	22	122
3	5	22	123
3	5	22	124
3	5	22	125
3	5	22	126
3	5	22	127
3	5	23	0
3	5	23	1
3	5	23	2
3	5	23	3
3	5	23	4
3	5	23	5
3	5	23	6
3	5	23	7
3	5	23	8
3	5	23	9
3	5	23	10
3	5	23	11
3	5	23	12
3	5	23	13
3	5	23	14
3	5	23	15
3	5	23	16
3	5	23	17
3	5	23	18
3	5	23	19
3	5	23	20
3	5	23	21
3	5	23	22
3	5	23	23
3	5	23	24
3	5	23	25
3	5	23	26
3	5	23	27
3	5	23	28
3	5	23	29
3	5	23	30
3	5	23	31
3	5	23	32
3	5	23	33
3	5	23	34
3	5	23	35
3	5	23	36
3	5	23	37
3	5	23	38
3	5	23	39
3	5	23	40
3	5	23	41
3	5	23	42
3	5	23	43
3	5	23	44
3	5	23	45
3	5	23	46
3	5	23	47
3	5	23	48
3	5	23	49
3	5	23	50
3	5	23	51
3	5	23	52
3	5	23	53
3	5	23	54
3	5	23	55
3	5	23	56
3	5	23	57
3	5	23	58
3	5	23	59
3	5	23	60
3	5	23	61
3	5	23	62
3	5	23	63
3	5	23	64
3	5	23	65
3	5	23	66
3	5	23	67
3	5	23	68
3	5	23	69
3	5	23	70
3	5	23	71
3	5	23	72
3	5	23	73
3	5	23	74
3	5	23	75
3	5	23	76
3	5	23	77
3	5	23	78
3	5	23	79
3	5	23	80
3	5	23	81
3	5	23	82
3	5	23	83
3	5	23	84
3	5	23	85
3	5	23	86
3	5	23	87
3	5	23	88
3	5	23	89
3	5	23	90
3	5	23	91
3	5	23	92
3	5	23	93
3	5	23	94
3	5	23	95
3	5	23	96
3	5	23	97
3	5	23	98
3	5	23	99
3	5	23	100
3	5	23	101
3	5	23	102
3	5	23	103
3	5	23	104
3	5	23	105
3	5	23	106
3	5	23	107
3	5	23	108
3	5	23	109
3	5	23	110
3	5	23	111
3	5	23	112
3	5	23	113
3	5	23	114
3	5	23	115
3	5	23	116
3	5	23	117
3	5	23	118
3	5	23	119
3	5	23	120
3	5	23	121
3	5	23	122
3	5	23	123
3	5	23	124
3	5	23	125
3	5	23	126
3	5	23	127
3	5	24	0
3	5	24	1
3	5	24	2
3	5	24	3
3	5	24	4
3	5	24	5
3	5	24	6
3	5	24	7
3	5	24	8
3	5	24	9
3	5	24	10
3	5	24	11
3	5	24	12
3	5	24	13
3	5	24	14
3	5	24	15
3	5	24	16
3	5	24	17
3	5	24	18
3	5	24	19
3	5	24	20
3	5	24	21
3	5	24	22
3	5	24	23
3	5	24	24
3	5	24	25
3	5	24	26
3	5	24	27
3	5	24	28
3	5	24	29
3	5	24	30
3	5	24	31
3	5	24	32
3	5	24	33
3	5	24	34
3	5	24	35
3	5	24	36
3	5	24	37
3	5	24	38
3	5	24	39
3	5	24	40
3	5	24	41
3	5	24	42
3	5	24	43
3	5	24	44
3	5	24	45
3	5	24	46
3	5	24	47
3	5	24	48
3	5	24	49
3	5	24	50
3	5	24	51
3	5	24	52
3	5	24	53
3	5	24	54
3	5	24	55
3	5	24	56
3	5	24	57
3	5	24	58
3	5	24	59
3	5	24	60
3	5	24	61
3	5	24	62
3	5	24	63
3	5	24	64
3	5	24	65
3	5	24	66
3	5	24	67
3	5	24	68
3	5	24	69
3	5	24	70
3	5	24	71
3	5	24	72
3	5	24	73
3	5	24	74
3	5	24	75
3	5	24	76
3	5	24	77
3	5	24	78
3	5	24	79
3	5	24	80
3	5	24	81
3	5	24	82
3	5	24	83
3	5	24	84
3	5	24	85
3	5	24	86
3	5	24	87
3	5	24	88
3	5	24	89
3	5	24	90
3	5	24	91
3	5	24	92
3	5	24	93
3	5	24	94
3	5	24	95
3	5	24	96
3	5	24	97
3	5	24	98
3	5	24	99
3	5	24	100
3	5	24	101
3	5	24	102
3	5	24	103
3	5	24	104
3	5	24	105
3	5	24	106
3	5	24	107
3	5	24	108
3	5	24	109
3	5	24	110
3	5	24	111
3	5	24	112
3	5	24	113
3	5	24	114
3	5	24	115
3	5	24	116
3	5	24	117
3	5	24	118
3	5	24	119
3	5	24	120
3	5	24	121
3	5	24	122
3	5	24	123
3	5	24	124
3	5	24	125
3	5	24	126
3	5	24	127
3	5	25	0
3	5	25	1
3	5	25	2
3	5	25	3
3	5	25	4
3	5	25	5
3	5	25	6
3	5	25	7
3	5	25	8
3	5	25	9
3	5	25	10
3	5	25	11
3	5	25	12
3	5	25	13
3	5	25	14
3	5	25	15
3	5	25	16
3	5	25	17
3	5	25	18
3	5	25	19
3	5	25	20
3	5	25	21
3	5	25	22
3	5	25	23
3	5	25	24
3	5	25	25
3	5	25	26
3	5	25	27
3	5	25	28
3	5	25	29
3	5	25	30
3	5	25	31
3	5	25	32
3	5	25	33
3	5	25	34
3	5	25	35
3	5	25	36
3	5	25	37
3	5	25	38
3	5	25	39
3	5	25	40
3	5	25	41
3	5	25	42
3	5	25	43
3	5	25	44
3	5	25	45
3	5	25	46
3	5	25	47
3	5	25	48
3	5	25	49
3	5	25	50
3	5	25	51
3	5	25	52
3	5	25	53
3	5	25	54
3	5	25	55
3	5	25	56
3	5	25	57
3	5	25	58
3	5	25	59
3	5	25	60
3	5	25	61
3	5	25	62
3	5	25	63
3	5	25	64
3	5	25	65
3	5	25	66
3	5	25	67
3	5	25	68
3	5	25	69
3	5	25	70
3	5	25	71
3	5	25	72
3	5	25	73
3	5	25	74
3	5	25	75
3	5	25	76
3	5	25	77
3	5	25	78
3	5	25	79
3	5	25	80
3	5	25	81
3	5	25	82
3	5	25	83
3	5	25	84
3	5	25	85
3	5	25	86
3	5	25	87
3	5	25	88
3	5	25	89
3	5	25	90
3	5	25	91
3	5	25	92
3	5	25	93
3	5	25	94
3	5	25	95
3	5	25	96
3	5	25	97
3	5	25	98
3	5	25	99
3	5	25	100
3	5	25	101
3	5	25	102
3	5	25	103
3	5	25	104
3	5	25	105
3	5	25	106
3	5	25	107
3	5	25	108
3	5	25	109
3	5	25	110
3	5	25	111
3	5	25	112
3	5	25	113
3	5	25	114
3	5	25	115
3	5	25	116
3	5	25	117
3	5	25	118
3	5	25	119
3	5	25	120
3	5	25	121
3	5	25	122
3	5	25	123
3	5	25	124
3	5	25	125
3	5	25	126
3	5	25	127
3	13	18	0
5	7	0	0
5	7	0	1
5	7	0	2
5	7	0	3
5	7	0	4
5	7	0	5
5	7	0	6
5	7	0	7
5	7	0	8
5	7	0	9
5	7	0	10
5	7	0	11
5	7	0	12
5	7	0	13
5	7	0	14
5	7	0	15
5	7	0	16
5	7	0	17
5	7	0	18
5	7	0	19
5	7	0	20
5	7	0	21
5	7	0	22
5	7	0	23
5	7	0	24
5	7	0	25
5	7	0	26
5	7	0	27
5	7	0	28
5	7	0	29
5	7	0	30
5	7	0	31
5	7	0	32
5	7	0	33
5	7	0	34
5	7	0	35
5	7	0	36
5	7	0	37
5	7	0	38
5	7	0	39
5	7	0	40
5	7	0	41
5	7	0	42
5	7	0	43
5	7	0	44
5	7	0	45
5	7	0	46
5	7	0	47
5	7	0	48
5	7	0	49
5	7	0	50
5	7	0	51
5	7	0	52
5	7	0	53
5	7	0	54
5	7	0	55
5	7	0	56
5	7	0	57
5	7	0	58
5	7	0	59
5	7	0	60
5	7	0	61
5	7	0	62
5	7	0	63
5	7	0	64
5	7	0	65
5	7	0	66
5	7	0	67
5	7	0	68
5	7	0	69
5	7	0	70
5	7	0	71
5	7	0	72
5	7	0	73
5	7	0	74
5	7	0	75
5	7	0	76
5	7	0	77
5	7	0	78
5	7	0	79
5	7	0	80
5	7	0	81
5	7	0	82
5	7	0	83
5	7	0	84
5	7	0	85
5	7	0	86
5	7	0	87
5	7	0	88
5	7	0	89
5	7	0	90
5	7	0	91
5	7	0	92
5	7	0	93
5	7	0	94
5	7	0	95
5	7	0	96
5	7	0	97
5	7	0	98
5	7	0	99
5	7	0	100
5	7	0	101
5	7	0	102
5	7	0	103
5	7	0	104
5	7	0	105
5	7	0	106
5	7	0	107
5	7	0	108
5	7	0	109
5	7	0	110
5	7	0	111
5	7	0	112
5	7	0	113
5	7	0	114
5	7	0	115
5	7	0	116
5	7	0	117
5	7	0	118
5	7	0	119
5	7	0	120
5	7	0	121
5	7	0	122
5	7	0	123
5	7	0	124
5	7	0	125
5	7	0	126
5	7	0	127
5	7	1	0
5	7	1	1
5	7	1	2
5	7	1	3
5	7	1	4
5	7	1	5
5	7	1	6
5	7	1	7
5	7	1	8
5	7	1	9
5	7	1	10
5	7	1	11
5	7	1	12
5	7	1	13
5	7	1	14
5	7	1	15
5	7	1	16
5	7	1	17
5	7	1	18
5	7	1	19
5	7	1	20
5	7	1	21
5	7	1	22
5	7	1	23
5	7	1	24
5	7	1	25
5	7	1	26
5	7	1	27
5	7	1	28
5	7	1	29
5	7	1	30
5	7	1	31
5	7	1	32
5	7	1	33
5	7	1	34
5	7	1	35
5	7	1	36
5	7	1	37
5	7	1	38
5	7	1	39
5	7	1	40
5	7	1	41
5	7	1	42
5	7	1	43
5	7	1	44
5	7	1	45
5	7	1	46
5	7	1	47
5	7	1	48
5	7	1	49
5	7	1	50
5	7	1	51
5	7	1	52
5	7	1	53
5	7	1	54
5	7	1	55
5	7	1	56
5	7	1	57
5	7	1	58
5	7	1	59
5	7	1	60
5	7	1	61
5	7	1	62
5	7	1	63
5	7	1	64
5	7	1	65
5	7	1	66
5	7	1	67
5	7	1	68
5	7	1	69
5	7	1	70
5	7	1	71
5	7	1	72
5	7	1	73
5	7	1	74
5	7	1	75
5	7	1	76
5	7	1	77
5	7	1	78
5	7	1	79
5	7	1	80
5	7	1	81
5	7	1	82
5	7	1	83
5	7	1	84
5	7	1	85
5	7	1	86
5	7	1	87
5	7	1	88
5	7	1	89
5	7	1	90
5	7	1	91
5	7	1	92
5	7	1	93
5	7	1	94
5	7	1	95
5	7	1	96
5	7	1	97
5	7	1	98
5	7	1	99
5	7	1	100
5	7	1	101
5	7	1	102
5	7	1	103
5	7	1	104
5	7	1	105
5	7	1	106
5	7	1	107
5	7	1	108
5	7	1	109
5	7	1	110
5	7	1	111
5	7	1	112
5	7	1	113
5	7	1	114
5	7	1	115
5	7	1	116
5	7	1	117
5	7	1	118
5	7	1	119
5	7	1	120
5	7	1	121
5	7	1	122
5	7	1	123
5	7	1	124
5	7	1	125
5	7	1	126
5	7	1	127
5	7	2	0
5	7	2	1
5	7	2	2
5	7	2	3
5	7	2	4
5	7	2	5
5	7	2	6
5	7	2	7
5	7	2	8
5	7	2	9
5	7	2	10
5	7	2	11
5	7	2	12
5	7	2	13
5	7	2	14
5	7	2	15
5	7	2	16
5	7	2	17
5	7	2	18
5	7	2	19
5	7	2	20
5	7	2	21
5	7	2	22
5	7	2	23
5	7	2	24
5	7	2	25
5	7	2	26
5	7	2	27
5	7	2	28
5	7	2	29
5	7	2	30
5	7	2	31
5	7	2	32
5	7	2	33
5	7	2	34
5	7	2	35
5	7	2	36
5	7	2	37
5	7	2	38
5	7	2	39
5	7	2	40
5	7	2	41
5	7	2	42
5	7	2	43
5	7	2	44
5	7	2	45
5	7	2	46
5	7	2	47
5	7	2	48
5	7	2	49
5	7	2	50
5	7	2	51
5	7	2	52
5	7	2	53
5	7	2	54
5	7	2	55
5	7	2	56
5	7	2	57
5	7	2	58
5	7	2	59
5	7	2	60
5	7	2	61
5	7	2	62
5	7	2	63
5	7	2	64
5	7	2	65
5	7	2	66
5	7	2	67
5	7	2	68
5	7	2	69
5	7	2	70
5	7	2	71
5	7	2	72
5	7	2	73
5	7	2	74
5	7	2	75
5	7	2	76
5	7	2	77
5	7	2	78
5	7	2	79
5	7	2	80
5	7	2	81
5	7	2	82
5	7	2	83
5	7	2	84
5	7	2	85
5	7	2	86
5	7	2	87
5	7	2	88
5	7	2	89
5	7	2	90
5	7	2	91
5	7	2	92
5	7	2	93
5	7	2	94
5	7	2	95
5	7	2	96
5	7	2	97
5	7	2	98
5	7	2	99
5	7	2	100
5	7	2	101
5	7	2	102
5	7	2	103
5	7	2	104
5	7	2	105
5	7	2	106
5	7	2	107
5	7	2	108
5	7	2	109
5	7	2	110
5	7	2	111
5	7	2	112
5	7	2	113
5	7	2	114
5	7	2	115
5	7	2	116
5	7	2	117
5	7	2	118
5	7	2	119
5	7	2	120
5	7	2	121
5	7	2	122
5	7	2	123
5	7	2	124
5	7	2	125
5	7	2	126
5	7	2	127
5	7	3	0
5	7	3	1
5	7	3	2
5	7	3	3
5	7	3	4
5	7	3	5
5	7	3	6
5	7	3	7
5	7	3	8
5	7	3	9
5	7	3	10
5	7	3	11
5	7	3	12
5	7	3	13
5	7	3	14
5	7	3	15
5	7	3	16
5	7	3	17
5	7	3	18
5	7	3	19
5	7	3	20
5	7	3	21
5	7	3	22
5	7	3	23
5	7	3	24
5	7	3	25
5	7	3	26
5	7	3	27
5	7	3	28
5	7	3	29
5	7	3	30
5	7	3	31
5	7	3	32
5	7	3	33
5	7	3	34
5	7	3	35
5	7	3	36
5	7	3	37
5	7	3	38
5	7	3	39
5	7	3	40
5	7	3	41
5	7	3	42
5	7	3	43
5	7	3	44
5	7	3	45
5	7	3	46
5	7	3	47
5	7	3	48
5	7	3	49
5	7	3	50
5	7	3	51
5	7	3	52
5	7	3	53
5	7	3	54
5	7	3	55
5	7	3	56
5	7	3	57
5	7	3	58
5	7	3	59
5	7	3	60
5	7	3	61
5	7	3	62
5	7	3	63
5	7	3	64
5	7	3	65
5	7	3	66
5	7	3	67
5	7	3	68
5	7	3	69
5	7	3	70
5	7	3	71
5	7	3	72
5	7	3	73
5	7	3	74
5	7	3	75
5	7	3	76
5	7	3	77
5	7	3	78
5	7	3	79
5	7	3	80
5	7	3	81
5	7	3	82
5	7	3	83
5	7	3	84
5	7	3	85
5	7	3	86
5	7	3	87
5	7	3	88
5	7	3	89
5	7	3	90
5	7	3	91
5	7	3	92
5	7	3	93
5	7	3	94
5	7	3	95
5	7	3	96
5	7	3	97
5	7	3	98
5	7	3	99
5	7	3	100
5	7	3	101
5	7	3	102
5	7	3	103
5	7	3	104
5	7	3	105
5	7	3	106
5	7	3	107
5	7	3	108
5	7	3	109
5	7	3	110
5	7	3	111
5	7	3	112
5	7	3	113
5	7	3	114
5	7	3	115
5	7	3	116
5	7	3	117
5	7	3	118
5	7	3	119
5	7	3	120
5	7	3	121
5	7	3	122
5	7	3	123
5	7	3	124
5	7	3	125
5	7	3	126
5	7	3	127
5	7	4	0
5	7	4	1
5	7	4	2
5	7	4	3
5	7	4	4
5	7	4	5
5	7	4	6
5	7	4	7
5	7	4	8
5	7	4	9
5	7	4	10
5	7	4	11
5	7	4	12
5	7	4	13
5	7	4	14
5	7	4	15
5	7	4	16
5	7	4	17
5	7	4	18
5	7	4	19
5	7	4	20
5	7	4	21
5	7	4	22
5	7	4	23
5	7	4	24
5	7	4	25
5	7	4	26
5	7	4	27
5	7	4	28
5	7	4	29
5	7	4	30
5	7	4	31
5	7	4	32
5	7	4	33
5	7	4	34
5	7	4	35
5	7	4	36
5	7	4	37
5	7	4	38
5	7	4	39
5	7	4	40
5	7	4	41
5	7	4	42
5	7	4	43
5	7	4	44
5	7	4	45
5	7	4	46
5	7	4	47
5	7	4	48
5	7	4	49
5	7	4	50
5	7	4	51
5	7	4	52
5	7	4	53
5	7	4	54
5	7	4	55
5	7	4	56
5	7	4	57
5	7	4	58
5	7	4	59
5	7	4	60
5	7	4	61
5	7	4	62
5	7	4	63
5	7	4	64
5	7	4	65
5	7	4	66
5	7	4	67
5	7	4	68
5	7	4	69
5	7	4	70
5	7	4	71
5	7	4	72
5	7	4	73
5	7	4	74
5	7	4	75
5	7	4	76
5	7	4	77
5	7	4	78
5	7	4	79
5	7	4	80
5	7	4	81
5	7	4	82
5	7	4	83
5	7	4	84
5	7	4	85
5	7	4	86
5	7	4	87
5	7	4	88
5	7	4	89
5	7	4	90
5	7	4	91
5	7	4	92
5	7	4	93
5	7	4	94
5	7	4	95
5	7	4	96
5	7	4	97
5	7	4	98
5	7	4	99
5	7	4	100
5	7	4	101
5	7	4	102
5	7	4	103
5	7	4	104
5	7	4	105
5	7	4	106
5	7	4	107
5	7	4	108
5	7	4	109
5	7	4	110
5	7	4	111
5	7	4	112
5	7	4	113
5	7	4	114
5	7	4	115
5	7	4	116
5	7	4	117
5	7	4	118
5	7	4	119
5	7	4	120
5	7	4	121
5	7	4	122
5	7	4	123
5	7	4	124
5	7	4	125
5	7	4	126
5	7	4	127
5	7	5	0
5	7	5	1
5	7	5	2
5	7	5	3
5	7	5	4
5	7	5	5
5	7	5	6
5	7	5	7
5	7	5	8
5	7	5	9
5	7	5	10
5	7	5	11
5	7	5	12
5	7	5	13
5	7	5	14
5	7	5	15
5	7	5	16
5	7	5	17
5	7	5	18
5	7	5	19
5	7	5	20
5	7	5	21
5	7	5	22
5	7	5	23
5	7	5	24
5	7	5	25
5	7	5	26
5	7	5	27
5	7	5	28
5	7	5	29
5	7	5	30
5	7	5	31
5	7	5	32
5	7	5	33
5	7	5	34
5	7	5	35
5	7	5	36
5	7	5	37
5	7	5	38
5	7	5	39
5	7	5	40
5	7	5	41
5	7	5	42
5	7	5	43
5	7	5	44
5	7	5	45
5	7	5	46
5	7	5	47
5	7	5	48
5	7	5	49
5	7	5	50
5	7	5	51
5	7	5	52
5	7	5	53
5	7	5	54
5	7	5	55
5	7	5	56
5	7	5	57
5	7	5	58
5	7	5	59
5	7	5	60
5	7	5	61
5	7	5	62
5	7	5	63
5	7	5	64
5	7	5	65
5	7	5	66
5	7	5	67
5	7	5	68
5	7	5	69
5	7	5	70
5	7	5	71
5	7	5	72
5	7	5	73
5	7	5	74
5	7	5	75
5	7	5	76
5	7	5	77
5	7	5	78
5	7	5	79
5	7	5	80
5	7	5	81
5	7	5	82
5	7	5	83
5	7	5	84
5	7	5	85
5	7	5	86
5	7	5	87
5	7	5	88
5	7	5	89
5	7	5	90
5	7	5	91
5	7	5	92
5	7	5	93
5	7	5	94
5	7	5	95
5	7	5	96
5	7	5	97
5	7	5	98
5	7	5	99
5	7	5	100
5	7	5	101
5	7	5	102
5	7	5	103
5	7	5	104
5	7	5	105
5	7	5	106
5	7	5	107
5	7	5	108
5	7	5	109
5	7	5	110
5	7	5	111
5	7	5	112
5	7	5	113
5	7	5	114
5	7	5	115
5	7	5	116
5	7	5	117
5	7	5	118
5	7	5	119
5	7	5	120
5	7	5	121
5	7	5	122
5	7	5	123
5	7	5	124
5	7	5	125
5	7	5	126
5	7	5	127
5	7	6	0
5	7	6	1
5	7	6	2
5	7	6	3
5	7	6	4
5	7	6	5
5	7	6	6
5	7	6	7
5	7	6	8
5	7	6	9
5	7	6	10
5	7	6	11
5	7	6	12
5	7	6	13
5	7	6	14
5	7	6	15
5	7	6	16
5	7	6	17
5	7	6	18
5	7	6	19
5	7	6	20
5	7	6	21
5	7	6	22
5	7	6	23
5	7	6	24
5	7	6	25
5	7	6	26
5	7	6	27
5	7	6	28
5	7	6	29
5	7	6	30
5	7	6	31
5	7	6	32
5	7	6	33
5	7	6	34
5	7	6	35
5	7	6	36
5	7	6	37
5	7	6	38
5	7	6	39
5	7	6	40
5	7	6	41
5	7	6	42
5	7	6	43
5	7	6	44
5	7	6	45
5	7	6	46
5	7	6	47
5	7	6	48
5	7	6	49
5	7	6	50
5	7	6	51
5	7	6	52
5	7	6	53
5	7	6	54
5	7	6	55
5	7	6	56
5	7	6	57
5	7	6	58
5	7	6	59
5	7	6	60
5	7	6	61
5	7	6	62
5	7	6	63
5	7	6	64
5	7	6	65
5	7	6	66
5	7	6	67
5	7	6	68
5	7	6	69
5	7	6	70
5	7	6	71
5	7	6	72
5	7	6	73
5	7	6	74
5	7	6	75
5	7	6	76
5	7	6	77
5	7	6	78
5	7	6	79
5	7	6	80
5	7	6	81
5	7	6	82
5	7	6	83
5	7	6	84
5	7	6	85
5	7	6	86
5	7	6	87
5	7	6	88
5	7	6	89
5	7	6	90
5	7	6	91
5	7	6	92
5	7	6	93
5	7	6	94
5	7	6	95
5	7	6	96
5	7	6	97
5	7	6	98
5	7	6	99
5	7	6	100
5	7	6	101
5	7	6	102
5	7	6	103
5	7	6	104
5	7	6	105
5	7	6	106
5	7	6	107
5	7	6	108
5	7	6	109
5	7	6	110
5	7	6	111
5	7	6	112
5	7	6	113
5	7	6	114
5	7	6	115
5	7	6	116
5	7	6	117
5	7	6	118
5	7	6	119
5	7	6	120
5	7	6	121
5	7	6	122
5	7	6	123
5	7	6	124
5	7	6	125
5	7	6	126
5	7	6	127
5	7	7	0
5	7	7	1
5	7	7	2
5	7	7	3
5	7	7	4
5	7	7	5
5	7	7	6
5	7	7	7
5	7	7	8
5	7	7	9
5	7	7	10
5	7	7	11
5	7	7	12
5	7	7	13
5	7	7	14
5	7	7	15
5	7	7	16
5	7	7	17
5	7	7	18
5	7	7	19
5	7	7	20
5	7	7	21
5	7	7	22
5	7	7	23
5	7	7	24
5	7	7	25
5	7	7	26
5	7	7	27
5	7	7	28
5	7	7	29
5	7	7	30
5	7	7	31
5	7	7	32
5	7	7	33
5	7	7	34
5	7	7	35
5	7	7	36
5	7	7	37
5	7	7	38
5	7	7	39
5	7	7	40
5	7	7	41
5	7	7	42
5	7	7	43
5	7	7	44
5	7	7	45
5	7	7	46
5	7	7	47
5	7	7	48
5	7	7	49
5	7	7	50
5	7	7	51
5	7	7	52
5	7	7	53
5	7	7	54
5	7	7	55
5	7	7	56
5	7	7	57
5	7	7	58
5	7	7	59
5	7	7	60
5	7	7	61
5	7	7	62
5	7	7	63
5	7	7	64
5	7	7	65
5	7	7	66
5	7	7	67
5	7	7	68
5	7	7	69
5	7	7	70
5	7	7	71
5	7	7	72
5	7	7	73
5	7	7	74
5	7	7	75
5	7	7	76
5	7	7	77
5	7	7	78
5	7	7	79
5	7	7	80
5	7	7	81
5	7	7	82
5	7	7	83
5	7	7	84
5	7	7	85
5	7	7	86
5	7	7	87
5	7	7	88
5	7	7	89
5	7	7	90
5	7	7	91
5	7	7	92
5	7	7	93
5	7	7	94
5	7	7	95
5	7	7	96
5	7	7	97
5	7	7	98
5	7	7	99
5	7	7	100
5	7	7	101
5	7	7	102
5	7	7	103
5	7	7	104
5	7	7	105
5	7	7	106
5	7	7	107
5	7	7	108
5	7	7	109
5	7	7	110
5	7	7	111
5	7	7	112
5	7	7	113
5	7	7	114
5	7	7	115
5	7	7	116
5	7	7	117
5	7	7	118
5	7	7	119
5	7	7	120
5	7	7	121
5	7	7	122
5	7	7	123
5	7	7	124
5	7	7	125
5	7	7	126
5	7	7	127
5	7	8	0
5	7	8	1
5	7	8	2
5	7	8	3
5	7	8	4
5	7	8	5
5	7	8	6
5	7	8	7
5	7	8	8
5	7	8	9
5	7	8	10
5	7	8	11
5	7	8	12
5	7	8	13
5	7	8	14
5	7	8	15
5	7	8	16
5	7	8	17
5	7	8	18
5	7	8	19
5	7	8	20
5	7	8	21
5	7	8	22
5	7	8	23
5	7	8	24
5	7	8	25
5	7	8	26
5	7	8	27
5	7	8	28
5	7	8	29
5	7	8	30
5	7	8	31
5	7	8	32
5	7	8	33
5	7	8	34
5	7	8	35
5	7	8	36
5	7	8	37
5	7	8	38
5	7	8	39
5	7	8	40
5	7	8	41
5	7	8	42
5	7	8	43
5	7	8	44
5	7	8	45
5	7	8	46
5	7	8	47
5	7	8	48
5	7	8	49
5	7	8	50
5	7	8	51
5	7	8	52
5	7	8	53
5	7	8	54
5	7	8	55
5	7	8	56
5	7	8	57
5	7	8	58
5	7	8	59
5	7	8	60
5	7	8	61
5	7	8	62
5	7	8	63
5	7	8	64
5	7	8	65
5	7	8	66
5	7	8	67
5	7	8	68
5	7	8	69
5	7	8	70
5	7	8	71
5	7	8	72
5	7	8	73
5	7	8	74
5	7	8	75
5	7	8	76
5	7	8	77
5	7	8	78
5	7	8	79
5	7	8	80
5	7	8	81
5	7	8	82
5	7	8	83
5	7	8	84
5	7	8	85
5	7	8	86
5	7	8	87
5	7	8	88
5	7	8	89
5	7	8	90
5	7	8	91
5	7	8	92
5	7	8	93
5	7	8	94
5	7	8	95
5	7	8	96
5	7	8	97
5	7	8	98
5	7	8	99
5	7	8	100
5	7	8	101
5	7	8	102
5	7	8	103
5	7	8	104
5	7	8	105
5	7	8	106
5	7	8	107
5	7	8	108
5	7	8	109
5	7	8	110
5	7	8	111
5	7	8	112
5	7	8	113
5	7	8	114
5	7	8	115
5	7	8	116
5	7	8	117
5	7	8	118
5	7	8	119
5	7	8	120
5	7	8	121
5	7	8	122
5	7	8	123
5	7	8	124
5	7	8	125
5	7	8	126
5	7	8	127
5	7	9	0
5	7	9	1
5	7	9	2
5	7	9	3
5	7	9	4
5	7	9	5
5	7	9	6
5	7	9	7
5	7	9	8
5	7	9	9
5	7	9	10
5	7	9	11
5	7	9	12
5	7	9	13
5	7	9	14
5	7	9	15
5	7	9	16
5	7	9	17
5	7	9	18
5	7	9	19
5	7	9	20
5	7	9	21
5	7	9	22
5	7	9	23
5	7	9	24
5	7	9	25
5	7	9	26
5	7	9	27
5	7	9	28
5	7	9	29
5	7	9	30
5	7	9	31
5	7	9	32
5	7	9	33
5	7	9	34
5	7	9	35
5	7	9	36
5	7	9	37
5	7	9	38
5	7	9	39
5	7	9	40
5	7	9	41
5	7	9	42
5	7	9	43
5	7	9	44
5	7	9	45
5	7	9	46
5	7	9	47
5	7	9	48
5	7	9	49
5	7	9	50
5	7	9	51
5	7	9	52
5	7	9	53
5	7	9	54
5	7	9	55
5	7	9	56
5	7	9	57
5	7	9	58
5	7	9	59
5	7	9	60
5	7	9	61
5	7	9	62
5	7	9	63
5	7	9	64
5	7	9	65
5	7	9	66
5	7	9	67
5	7	9	68
5	7	9	69
5	7	9	70
5	7	9	71
5	7	9	72
5	7	9	73
5	7	9	74
5	7	9	75
5	7	9	76
5	7	9	77
5	7	9	78
5	7	9	79
5	7	9	80
5	7	9	81
5	7	9	82
5	7	9	83
5	7	9	84
5	7	9	85
5	7	9	86
5	7	9	87
5	7	9	88
5	7	9	89
5	7	9	90
5	7	9	91
5	7	9	92
5	7	9	93
5	7	9	94
5	7	9	95
5	7	9	96
5	7	9	97
5	7	9	98
5	7	9	99
5	7	9	100
5	7	9	101
5	7	9	102
5	7	9	103
5	7	9	104
5	7	9	105
5	7	9	106
5	7	9	107
5	7	9	108
5	7	9	109
5	7	9	110
5	7	9	111
5	7	9	112
5	7	9	113
5	7	9	114
5	7	9	115
5	7	9	116
5	7	9	117
5	7	9	118
5	7	9	119
5	7	9	120
5	7	9	121
5	7	9	122
5	7	9	123
5	7	9	124
5	7	9	125
5	7	9	126
5	7	9	127
5	7	10	0
5	7	10	1
5	7	10	2
5	7	10	3
5	7	10	4
5	7	10	5
5	7	10	6
5	7	10	7
5	7	10	8
5	7	10	9
5	7	10	10
5	7	10	11
5	7	10	12
5	7	10	13
5	7	10	14
5	7	10	15
5	7	10	16
5	7	10	17
5	7	10	18
5	7	10	19
5	7	10	20
5	7	10	21
5	7	10	22
5	7	10	23
5	7	10	24
5	7	10	25
5	7	10	26
5	7	10	27
5	7	10	28
5	7	10	29
5	7	10	30
5	7	10	31
5	7	10	32
5	7	10	33
5	7	10	34
5	7	10	35
5	7	10	36
5	7	10	37
5	7	10	38
5	7	10	39
5	7	10	40
5	7	10	41
5	7	10	42
5	7	10	43
5	7	10	44
5	7	10	45
5	7	10	46
5	7	10	47
5	7	10	48
5	7	10	49
5	7	10	50
5	7	10	51
5	7	10	52
5	7	10	53
5	7	10	54
5	7	10	55
5	7	10	56
5	7	10	57
5	7	10	58
5	7	10	59
5	7	10	60
5	7	10	61
5	7	10	62
5	7	10	63
5	7	10	64
5	7	10	65
5	7	10	66
5	7	10	67
5	7	10	68
5	7	10	69
5	7	10	70
5	7	10	71
5	7	10	72
5	7	10	73
5	7	10	74
5	7	10	75
5	7	10	76
5	7	10	77
5	7	10	78
5	7	10	79
5	7	10	80
5	7	10	81
5	7	10	82
5	7	10	83
5	7	10	84
5	7	10	85
5	7	10	86
5	7	10	87
5	7	10	88
5	7	10	89
5	7	10	90
5	7	10	91
5	7	10	92
5	7	10	93
5	7	10	94
5	7	10	95
5	7	10	96
5	7	10	97
5	7	10	98
5	7	10	99
5	7	10	100
5	7	10	101
5	7	10	102
5	7	10	103
5	7	10	104
5	7	10	105
5	7	10	106
5	7	10	107
5	7	10	108
5	7	10	109
5	7	10	110
5	7	10	111
5	7	10	112
5	7	10	113
5	7	10	114
5	7	10	115
5	7	10	116
5	7	10	117
5	7	10	118
5	7	10	119
5	7	10	120
5	7	10	121
5	7	10	122
5	7	10	123
5	7	10	124
5	7	10	125
5	7	10	126
5	7	10	127
5	7	11	0
5	7	11	1
5	7	11	2
5	7	11	3
5	7	11	4
5	7	11	5
5	7	11	6
5	7	11	7
5	7	11	8
5	7	11	9
5	7	11	10
5	7	11	11
5	7	11	12
5	7	11	13
5	7	11	14
5	7	11	15
5	7	11	16
5	7	11	17
5	7	11	18
5	7	11	19
5	7	11	20
5	7	11	21
5	7	11	22
5	7	11	23
5	7	11	24
5	7	11	25
5	7	11	26
5	7	11	27
5	7	11	28
5	7	11	29
5	7	11	30
5	7	11	31
5	7	11	32
5	7	11	33
5	7	11	34
5	7	11	35
5	7	11	36
5	7	11	37
5	7	11	38
5	7	11	39
5	7	11	40
5	7	11	41
5	7	11	42
5	7	11	43
5	7	11	44
5	7	11	45
5	7	11	46
5	7	11	47
5	7	11	48
5	7	11	49
5	7	11	50
5	7	11	51
5	7	11	52
5	7	11	53
5	7	11	54
5	7	11	55
5	7	11	56
5	7	11	57
5	7	11	58
5	7	11	59
5	7	11	60
5	7	11	61
5	7	11	62
5	7	11	63
5	7	11	64
5	7	11	65
5	7	11	66
5	7	11	67
5	7	11	68
5	7	11	69
5	7	11	70
5	7	11	71
5	7	11	72
5	7	11	73
5	7	11	74
5	7	11	75
5	7	11	76
5	7	11	77
5	7	11	78
5	7	11	79
5	7	11	80
5	7	11	81
5	7	11	82
5	7	11	83
5	7	11	84
5	7	11	85
5	7	11	86
5	7	11	87
5	7	11	88
5	7	11	89
5	7	11	90
5	7	11	91
5	7	11	92
5	7	11	93
5	7	11	94
5	7	11	95
5	7	11	96
5	7	11	97
5	7	11	98
5	7	11	99
5	7	11	100
5	7	11	101
5	7	11	102
5	7	11	103
5	7	11	104
5	7	11	105
5	7	11	106
5	7	11	107
5	7	11	108
5	7	11	109
5	7	11	110
5	7	11	111
5	7	11	112
5	7	11	113
5	7	11	114
5	7	11	115
5	7	11	116
5	7	11	117
5	7	11	118
5	7	11	119
5	7	11	120
5	7	11	121
5	7	11	122
5	7	11	123
5	7	11	124
5	7	11	125
5	7	11	126
5	7	11	127
5	7	12	0
5	7	12	1
5	7	12	2
5	7	12	3
5	7	12	4
5	7	12	5
5	7	12	6
5	7	12	7
5	7	12	8
5	7	12	9
5	7	12	10
5	7	12	11
5	7	12	12
5	7	12	13
5	7	12	14
5	7	12	15
5	7	12	16
5	7	12	17
5	7	12	18
5	7	12	19
5	7	12	20
5	7	12	21
5	7	12	22
5	7	12	23
5	7	12	24
5	7	12	25
5	7	12	26
5	7	12	27
5	7	12	28
5	7	12	29
5	7	12	30
5	7	12	31
5	7	12	32
5	7	12	33
5	7	12	34
5	7	12	35
5	7	12	36
5	7	12	37
5	7	12	38
5	7	12	39
5	7	12	40
5	7	12	41
5	7	12	42
5	7	12	43
5	7	12	44
5	7	12	45
5	7	12	46
5	7	12	47
5	7	12	48
5	7	12	49
5	7	12	50
5	7	12	51
5	7	12	52
5	7	12	53
5	7	12	54
5	7	12	55
5	7	12	56
5	7	12	57
5	7	12	58
5	7	12	59
5	7	12	60
5	7	12	61
5	7	12	62
5	7	12	63
5	7	12	64
5	7	12	65
5	7	12	66
5	7	12	67
5	7	12	68
5	7	12	69
5	7	12	70
5	7	12	71
5	7	12	72
5	7	12	73
5	7	12	74
5	7	12	75
5	7	12	76
5	7	12	77
5	7	12	78
5	7	12	79
5	7	12	80
5	7	12	81
5	7	12	82
5	7	12	83
5	7	12	84
5	7	12	85
5	7	12	86
5	7	12	87
5	7	12	88
5	7	12	89
5	7	12	90
5	7	12	91
5	7	12	92
5	7	12	93
5	7	12	94
5	7	12	95
5	7	12	96
5	7	12	97
5	7	12	98
5	7	12	99
5	7	12	100
5	7	12	101
5	7	12	102
5	7	12	103
5	7	12	104
5	7	12	105
5	7	12	106
5	7	12	107
5	7	12	108
5	7	12	109
5	7	12	110
5	7	12	111
5	7	12	112
5	7	12	113
5	7	12	114
5	7	12	115
5	7	12	116
5	7	12	117
5	7	12	118
5	7	12	119
5	7	12	120
5	7	12	121
5	7	12	122
5	7	12	123
5	7	12	124
5	7	12	125
5	7	12	126
5	7	12	127
5	7	13	0
5	7	13	1
5	7	13	2
5	7	13	3
5	7	13	4
5	7	13	5
5	7	13	6
5	7	13	7
5	7	13	8
5	7	13	9
5	7	13	10
5	7	13	11
5	7	13	12
5	7	13	13
5	7	13	14
5	7	13	15
5	7	13	16
5	7	13	17
5	7	13	18
5	7	13	19
5	7	13	20
5	7	13	21
5	7	13	22
5	7	13	23
5	7	13	24
5	7	13	25
5	7	13	26
5	7	13	27
5	7	13	28
5	7	13	29
5	7	13	30
5	7	13	31
5	7	13	32
5	7	13	33
5	7	13	34
5	7	13	35
5	7	13	36
5	7	13	37
5	7	13	38
5	7	13	39
5	7	13	40
5	7	13	41
5	7	13	42
5	7	13	43
5	7	13	44
5	7	13	45
5	7	13	46
5	7	13	47
5	7	13	48
5	7	13	49
5	7	13	50
5	7	13	51
5	7	13	52
5	7	13	53
5	7	13	54
5	7	13	55
5	7	13	56
5	7	13	57
5	7	13	58
5	7	13	59
5	7	13	60
5	7	13	61
5	7	13	62
5	7	13	63
5	7	13	64
5	7	13	65
5	7	13	66
5	7	13	67
5	7	13	68
5	7	13	69
5	7	13	70
5	7	13	71
5	7	13	72
5	7	13	73
5	7	13	74
5	7	13	75
5	7	13	76
5	7	13	77
5	7	13	78
5	7	13	79
5	7	13	80
5	7	13	81
5	7	13	82
5	7	13	83
5	7	13	84
5	7	13	85
5	7	13	86
5	7	13	87
5	7	13	88
5	7	13	89
5	7	13	90
5	7	13	91
5	7	13	92
5	7	13	93
5	7	13	94
5	7	13	95
5	7	13	96
5	7	13	97
5	7	13	98
5	7	13	99
5	7	13	100
5	7	13	101
5	7	13	102
5	7	13	103
5	7	13	104
5	7	13	105
5	7	13	106
5	7	13	107
5	7	13	108
5	7	13	109
5	7	13	110
5	7	13	111
5	7	13	112
5	7	13	113
5	7	13	114
5	7	13	115
5	7	13	116
5	7	13	117
5	7	13	118
5	7	13	119
5	7	13	120
5	7	13	121
5	7	13	122
5	7	13	123
5	7	13	124
5	7	13	125
5	7	13	126
5	7	13	127
5	7	14	0
5	7	14	1
5	7	14	2
5	7	14	3
5	7	14	4
5	7	14	5
5	7	14	6
5	7	14	7
5	7	14	8
5	7	14	9
5	7	14	10
5	7	14	11
5	7	14	12
5	7	14	13
5	7	14	14
5	7	14	15
5	7	14	16
5	7	14	17
5	7	14	18
5	7	14	19
5	7	14	20
5	7	14	21
5	7	14	22
5	7	14	23
5	7	14	24
5	7	14	25
5	7	14	26
5	7	14	27
5	7	14	28
5	7	14	29
5	7	14	30
5	7	14	31
5	7	14	32
5	7	14	33
5	7	14	34
5	7	14	35
5	7	14	36
5	7	14	37
5	7	14	38
5	7	14	39
5	7	14	40
5	7	14	41
5	7	14	42
5	7	14	43
5	7	14	44
5	7	14	45
5	7	14	46
5	7	14	47
5	7	14	48
5	7	14	49
5	7	14	50
5	7	14	51
5	7	14	52
5	7	14	53
5	7	14	54
5	7	14	55
5	7	14	56
5	7	14	57
5	7	14	58
5	7	14	59
5	7	14	60
5	7	14	61
5	7	14	62
5	7	14	63
5	7	14	64
5	7	14	65
5	7	14	66
5	7	14	67
5	7	14	68
5	7	14	69
5	7	14	70
5	7	14	71
5	7	14	72
5	7	14	73
5	7	14	74
5	7	14	75
5	7	14	76
5	7	14	77
5	7	14	78
5	7	14	79
5	7	14	80
5	7	14	81
5	7	14	82
5	7	14	83
5	7	14	84
5	7	14	85
5	7	14	86
5	7	14	87
5	7	14	88
5	7	14	89
5	7	14	90
5	7	14	91
5	7	14	92
5	7	14	93
5	7	14	94
5	7	14	95
5	7	14	96
5	7	14	97
5	7	14	98
5	7	14	99
5	7	14	100
5	7	14	101
5	7	14	102
5	7	14	103
5	7	14	104
5	7	14	105
5	7	14	106
5	7	14	107
5	7	14	108
5	7	14	109
5	7	14	110
5	7	14	111
5	7	14	112
5	7	14	113
5	7	14	114
5	7	14	115
5	7	14	116
5	7	14	117
5	7	14	118
5	7	14	119
5	7	14	120
5	7	14	121
5	7	14	122
5	7	14	123
5	7	14	124
5	7	14	125
5	7	14	126
5	7	14	127
5	7	15	0
5	7	15	1
5	7	15	2
5	7	15	3
5	7	15	4
5	7	15	5
5	7	15	6
5	7	15	7
5	7	15	8
5	7	15	9
5	7	15	10
5	7	15	11
5	7	15	12
5	7	15	13
5	7	15	14
5	7	15	15
5	7	15	16
5	7	15	17
5	7	15	18
5	7	15	19
5	7	15	20
5	7	15	21
5	7	15	22
5	7	15	23
5	7	15	24
5	7	15	25
5	7	15	26
5	7	15	27
5	7	15	28
5	7	15	29
5	7	15	30
5	7	15	31
5	7	15	32
5	7	15	33
5	7	15	34
5	7	15	35
5	7	15	36
5	7	15	37
5	7	15	38
5	7	15	39
5	7	15	40
5	7	15	41
5	7	15	42
5	7	15	43
5	7	15	44
5	7	15	45
5	7	15	46
5	7	15	47
5	7	15	48
5	7	15	49
5	7	15	50
5	7	15	51
5	7	15	52
5	7	15	53
5	7	15	54
5	7	15	55
5	7	15	56
5	7	15	57
5	7	15	58
5	7	15	59
5	7	15	60
5	7	15	61
5	7	15	62
5	7	15	63
5	7	15	64
5	7	15	65
5	7	15	66
5	7	15	67
5	7	15	68
5	7	15	69
5	7	15	70
5	7	15	71
5	7	15	72
5	7	15	73
5	7	15	74
5	7	15	75
5	7	15	76
5	7	15	77
5	7	15	78
5	7	15	79
5	7	15	80
5	7	15	81
5	7	15	82
5	7	15	83
5	7	15	84
5	7	15	85
5	7	15	86
5	7	15	87
5	7	15	88
5	7	15	89
5	7	15	90
5	7	15	91
5	7	15	92
5	7	15	93
5	7	15	94
5	7	15	95
5	7	15	96
5	7	15	97
5	7	15	98
5	7	15	99
5	7	15	100
5	7	15	101
5	7	15	102
5	7	15	103
5	7	15	104
5	7	15	105
5	7	15	106
5	7	15	107
5	7	15	108
5	7	15	109
5	7	15	110
5	7	15	111
5	7	15	112
5	7	15	113
5	7	15	114
5	7	15	115
5	7	15	116
5	7	15	117
5	7	15	118
5	7	15	119
5	7	15	120
5	7	15	121
5	7	15	122
5	7	15	123
5	7	15	124
5	7	15	125
5	7	15	126
5	7	15	127
5	7	16	0
5	7	16	1
5	7	16	2
5	7	16	3
5	7	16	4
5	7	16	5
5	7	16	6
5	7	16	7
5	7	16	8
5	7	16	9
5	7	16	10
5	7	16	11
5	7	16	12
5	7	16	13
5	7	16	14
5	7	16	15
5	7	16	16
5	7	16	17
5	7	16	18
5	7	16	19
5	7	16	20
5	7	16	21
5	7	16	22
5	7	16	23
5	7	16	24
5	7	16	25
5	7	16	26
5	7	16	27
5	7	16	28
5	7	16	29
5	7	16	30
5	7	16	31
5	7	16	32
5	7	16	33
5	7	16	34
5	7	16	35
5	7	16	36
5	7	16	37
5	7	16	38
5	7	16	39
5	7	16	40
5	7	16	41
5	7	16	42
5	7	16	43
5	7	16	44
5	7	16	45
5	7	16	46
5	7	16	47
5	7	16	48
5	7	16	49
5	7	16	50
5	7	16	51
5	7	16	52
5	7	16	53
5	7	16	54
5	7	16	55
5	7	16	56
5	7	16	57
5	7	16	58
5	7	16	59
5	7	16	60
5	7	16	61
5	7	16	62
5	7	16	63
5	7	16	64
5	7	16	65
5	7	16	66
5	7	16	67
5	7	16	68
5	7	16	69
5	7	16	70
5	7	16	71
5	7	16	72
5	7	16	73
5	7	16	74
5	7	16	75
5	7	16	76
5	7	16	77
5	7	16	78
5	7	16	79
5	7	16	80
5	7	16	81
5	7	16	82
5	7	16	83
5	7	16	84
5	7	16	85
5	7	16	86
5	7	16	87
5	7	16	88
5	7	16	89
5	7	16	90
5	7	16	91
5	7	16	92
5	7	16	93
5	7	16	94
5	7	16	95
5	7	16	96
5	7	16	97
5	7	16	98
5	7	16	99
5	7	16	100
5	7	16	101
5	7	16	102
5	7	16	103
5	7	16	104
5	7	16	105
5	7	16	106
5	7	16	107
5	7	16	108
5	7	16	109
5	7	16	110
5	7	16	111
5	7	16	112
5	7	16	113
5	7	16	114
5	7	16	115
5	7	16	116
5	7	16	117
5	7	16	118
5	7	16	119
5	7	16	120
5	7	16	121
5	7	16	122
5	7	16	123
5	7	16	124
5	7	16	125
5	7	16	126
5	7	16	127
5	7	17	0
5	7	17	1
5	7	17	2
5	7	17	3
5	7	17	4
5	7	17	5
5	7	17	6
5	7	17	7
5	7	17	8
5	7	17	9
5	7	17	10
5	7	17	11
5	7	17	12
5	7	17	13
5	7	17	14
5	7	17	15
5	7	17	16
5	7	17	17
5	7	17	18
5	7	17	19
5	7	17	20
5	7	17	21
5	7	17	22
5	7	17	23
5	7	17	24
5	7	17	25
5	7	17	26
5	7	17	27
5	7	17	28
5	7	17	29
5	7	17	30
5	7	17	31
5	7	17	32
5	7	17	33
5	7	17	34
5	7	17	35
5	7	17	36
5	7	17	37
5	7	17	38
5	7	17	39
5	7	17	40
5	7	17	41
5	7	17	42
5	7	17	43
5	7	17	44
5	7	17	45
5	7	17	46
5	7	17	47
5	7	17	48
5	7	17	49
5	7	17	50
5	7	17	51
5	7	17	52
5	7	17	53
5	7	17	54
5	7	17	55
5	7	17	56
5	7	17	57
5	7	17	58
5	7	17	59
5	7	17	60
5	7	17	61
5	7	17	62
5	7	17	63
5	7	17	64
5	7	17	65
5	7	17	66
5	7	17	67
5	7	17	68
5	7	17	69
5	7	17	70
5	7	17	71
5	7	17	72
5	7	17	73
5	7	17	74
5	7	17	75
5	7	17	76
5	7	17	77
5	7	17	78
5	7	17	79
5	7	17	80
5	7	17	81
5	7	17	82
5	7	17	83
5	7	17	84
5	7	17	85
5	7	17	86
5	7	17	87
5	7	17	88
5	7	17	89
5	7	17	90
5	7	17	91
5	7	17	92
5	7	17	93
5	7	17	94
5	7	17	95
5	7	17	96
5	7	17	97
5	7	17	98
5	7	17	99
5	7	17	100
5	7	17	101
5	7	17	102
5	7	17	103
5	7	17	104
5	7	17	105
5	7	17	106
5	7	17	107
5	7	17	108
5	7	17	109
5	7	17	110
5	7	17	111
5	7	17	112
5	7	17	113
5	7	17	114
5	7	17	115
5	7	17	116
5	7	17	117
5	7	17	118
5	7	17	119
5	7	17	120
5	7	17	121
5	7	17	122
5	7	17	123
5	7	17	124
5	7	17	125
5	7	17	126
5	7	17	127
5	7	18	0
5	7	18	1
5	7	18	2
5	7	18	3
5	7	18	4
5	7	18	5
5	7	18	6
5	7	18	7
5	7	18	8
5	7	18	9
5	7	18	10
5	7	18	11
5	7	18	12
5	7	18	13
5	7	18	14
5	7	18	15
5	7	18	16
5	7	18	17
5	7	18	18
5	7	18	19
5	7	18	20
5	7	18	21
5	7	18	22
5	7	18	23
5	7	18	24
5	7	18	25
5	7	18	26
5	7	18	27
5	7	18	28
5	7	18	29
5	7	18	30
5	7	18	31
5	7	18	32
5	7	18	33
5	7	18	34
5	7	18	35
5	7	18	36
5	7	18	37
5	7	18	38
5	7	18	39
5	7	18	40
5	7	18	41
5	7	18	42
5	7	18	43
5	7	18	44
5	7	18	45
5	7	18	46
5	7	18	47
5	7	18	48
5	7	18	49
5	7	18	50
5	7	18	51
5	7	18	52
5	7	18	53
5	7	18	54
5	7	18	55
5	7	18	56
5	7	18	57
5	7	18	58
5	7	18	59
5	7	18	60
5	7	18	61
5	7	18	62
5	7	18	63
5	7	18	64
5	7	18	65
5	7	18	66
5	7	18	67
5	7	18	68
5	7	18	69
5	7	18	70
5	7	18	71
5	7	18	72
5	7	18	73
5	7	18	74
5	7	18	75
5	7	18	76
5	7	18	77
5	7	18	78
5	7	18	79
5	7	18	80
5	7	18	81
5	7	18	82
5	7	18	83
5	7	18	84
5	7	18	85
5	7	18	86
5	7	18	87
5	7	18	88
5	7	18	89
5	7	18	90
5	7	18	91
5	7	18	92
5	7	18	93
5	7	18	94
5	7	18	95
5	7	18	96
5	7	18	97
5	7	18	98
5	7	18	99
5	7	18	100
5	7	18	101
5	7	18	102
5	7	18	103
5	7	18	104
5	7	18	105
5	7	18	106
5	7	18	107
5	7	18	108
5	7	18	109
5	7	18	110
5	7	18	111
5	7	18	112
5	7	18	113
5	7	18	114
5	7	18	115
5	7	18	116
5	7	18	117
5	7	18	118
5	7	18	119
5	7	18	120
5	7	18	121
5	7	18	122
5	7	18	123
5	7	18	124
5	7	18	125
5	7	18	126
5	7	18	127
5	7	19	0
5	7	19	1
5	7	19	2
5	7	19	3
5	7	19	4
5	7	19	5
5	7	19	6
5	7	19	7
5	7	19	8
5	7	19	9
5	7	19	10
5	7	19	11
5	7	19	12
5	7	19	13
5	7	19	14
5	7	19	15
5	7	19	16
5	7	19	17
5	7	19	18
5	7	19	19
5	7	19	20
5	7	19	21
5	7	19	22
5	7	19	23
5	7	19	24
5	7	19	25
5	7	19	26
5	7	19	27
5	7	19	28
5	7	19	29
5	7	19	30
5	7	19	31
5	7	19	32
5	7	19	33
5	7	19	34
5	7	19	35
5	7	19	36
5	7	19	37
5	7	19	38
5	7	19	39
5	7	19	40
5	7	19	41
5	7	19	42
5	7	19	43
5	7	19	44
5	7	19	45
5	7	19	46
5	7	19	47
5	7	19	48
5	7	19	49
5	7	19	50
5	7	19	51
5	7	19	52
5	7	19	53
5	7	19	54
5	7	19	55
5	7	19	56
5	7	19	57
5	7	19	58
5	7	19	59
5	7	19	60
5	7	19	61
5	7	19	62
5	7	19	63
5	7	19	64
5	7	19	65
5	7	19	66
5	7	19	67
5	7	19	68
5	7	19	69
5	7	19	70
5	7	19	71
5	7	19	72
5	7	19	73
5	7	19	74
5	7	19	75
5	7	19	76
5	7	19	77
5	7	19	78
5	7	19	79
5	7	19	80
5	7	19	81
5	7	19	82
5	7	19	83
5	7	19	84
5	7	19	85
5	7	19	86
5	7	19	87
5	7	19	88
5	7	19	89
5	7	19	90
5	7	19	91
5	7	19	92
5	7	19	93
5	7	19	94
5	7	19	95
5	7	19	96
5	7	19	97
5	7	19	98
5	7	19	99
5	7	19	100
5	7	19	101
5	7	19	102
5	7	19	103
5	7	19	104
5	7	19	105
5	7	19	106
5	7	19	107
5	7	19	108
5	7	19	109
5	7	19	110
5	7	19	111
5	7	19	112
5	7	19	113
5	7	19	114
5	7	19	115
5	7	19	116
5	7	19	117
5	7	19	118
5	7	19	119
5	7	19	120
5	7	19	121
5	7	19	122
5	7	19	123
5	7	19	124
5	7	19	125
5	7	19	126
5	7	19	127
5	7	20	0
5	7	20	1
5	7	20	2
5	7	20	3
5	7	20	4
5	7	20	5
5	7	20	6
5	7	20	7
5	7	20	8
5	7	20	9
5	7	20	10
5	7	20	11
5	7	20	12
5	7	20	13
5	7	20	14
5	7	20	15
5	7	20	16
5	7	20	17
5	7	20	18
5	7	20	19
5	7	20	20
5	7	20	21
5	7	20	22
5	7	20	23
5	7	20	24
5	7	20	25
5	7	20	26
5	7	20	27
5	7	20	28
5	7	20	29
5	7	20	30
5	7	20	31
5	7	20	32
5	7	20	33
5	7	20	34
5	7	20	35
5	7	20	36
5	7	20	37
5	7	20	38
5	7	20	39
5	7	20	40
5	7	20	41
5	7	20	42
5	7	20	43
5	7	20	44
5	7	20	45
5	7	20	46
5	7	20	47
5	7	20	48
5	7	20	49
5	7	20	50
5	7	20	51
5	7	20	52
5	7	20	53
5	7	20	54
5	7	20	55
5	7	20	56
5	7	20	57
5	7	20	58
5	7	20	59
5	7	20	60
5	7	20	61
5	7	20	62
5	7	20	63
5	7	20	64
5	7	20	65
5	7	20	66
5	7	20	67
5	7	20	68
5	7	20	69
5	7	20	70
5	7	20	71
5	7	20	72
5	7	20	73
5	7	20	74
5	7	20	75
5	7	20	76
5	7	20	77
5	7	20	78
5	7	20	79
5	7	20	80
5	7	20	81
5	7	20	82
5	7	20	83
5	7	20	84
5	7	20	85
5	7	20	86
5	7	20	87
5	7	20	88
5	7	20	89
5	7	20	90
5	7	20	91
5	7	20	92
5	7	20	93
5	7	20	94
5	7	20	95
5	7	20	96
5	7	20	97
5	7	20	98
5	7	20	99
5	7	20	100
5	7	20	101
5	7	20	102
5	7	20	103
5	7	20	104
5	7	20	105
5	7	20	106
5	7	20	107
5	7	20	108
5	7	20	109
5	7	20	110
5	7	20	111
5	7	20	112
5	7	20	113
5	7	20	114
5	7	20	115
5	7	20	116
5	7	20	117
5	7	20	118
5	7	20	119
5	7	20	120
5	7	20	121
5	7	20	122
5	7	20	123
5	7	20	124
5	7	20	125
5	7	20	126
5	7	20	127
5	7	21	0
5	7	21	1
5	7	21	2
5	7	21	3
5	7	21	4
5	7	21	5
5	7	21	6
5	7	21	7
5	7	21	8
5	7	21	9
5	7	21	10
5	7	21	11
5	7	21	12
5	7	21	13
5	7	21	14
5	7	21	15
5	7	21	16
5	7	21	17
5	7	21	18
5	7	21	19
5	7	21	20
5	7	21	21
5	7	21	22
5	7	21	23
5	7	21	24
5	7	21	25
5	7	21	26
5	7	21	27
5	7	21	28
5	7	21	29
5	7	21	30
5	7	21	31
5	7	21	32
5	7	21	33
5	7	21	34
5	7	21	35
5	7	21	36
5	7	21	37
5	7	21	38
5	7	21	39
5	7	21	40
5	7	21	41
5	7	21	42
5	7	21	43
5	7	21	44
5	7	21	45
5	7	21	46
5	7	21	47
5	7	21	48
5	7	21	49
5	7	21	50
5	7	21	51
5	7	21	52
5	7	21	53
5	7	21	54
5	7	21	55
5	7	21	56
5	7	21	57
5	7	21	58
5	7	21	59
5	7	21	60
5	7	21	61
5	7	21	62
5	7	21	63
5	7	21	64
5	7	21	65
5	7	21	66
5	7	21	67
5	7	21	68
5	7	21	69
5	7	21	70
5	7	21	71
5	7	21	72
5	7	21	73
5	7	21	74
5	7	21	75
5	7	21	76
5	7	21	77
5	7	21	78
5	7	21	79
5	7	21	80
5	7	21	81
5	7	21	82
5	7	21	83
5	7	21	84
5	7	21	85
5	7	21	86
5	7	21	87
5	7	21	88
5	7	21	89
5	7	21	90
5	7	21	91
5	7	21	92
5	7	21	93
5	7	21	94
5	7	21	95
5	7	21	96
5	7	21	97
5	7	21	98
5	7	21	99
5	7	21	100
5	7	21	101
5	7	21	102
5	7	21	103
5	7	21	104
5	7	21	105
5	7	21	106
5	7	21	107
5	7	21	108
5	7	21	109
5	7	21	110
5	7	21	111
5	7	21	112
5	7	21	113
5	7	21	114
5	7	21	115
5	7	21	116
5	7	21	117
5	7	21	118
5	7	21	119
5	7	21	120
5	7	21	121
5	7	21	122
5	7	21	123
5	7	21	124
5	7	21	125
5	7	21	126
5	7	21	127
5	7	22	0
5	7	22	1
5	7	22	2
5	7	22	3
5	7	22	4
5	7	22	5
5	7	22	6
5	7	22	7
5	7	22	8
5	7	22	9
5	7	22	10
5	7	22	11
5	7	22	12
5	7	22	13
5	7	22	14
5	7	22	15
5	7	22	16
5	7	22	17
5	7	22	18
5	7	22	19
5	7	22	20
5	7	22	21
5	7	22	22
5	7	22	23
5	7	22	24
5	7	22	25
5	7	22	26
5	7	22	27
5	7	22	28
5	7	22	29
5	7	22	30
5	7	22	31
5	7	22	32
5	7	22	33
5	7	22	34
5	7	22	35
5	7	22	36
5	7	22	37
5	7	22	38
5	7	22	39
5	7	22	40
5	7	22	41
5	7	22	42
5	7	22	43
5	7	22	44
5	7	22	45
5	7	22	46
5	7	22	47
5	7	22	48
5	7	22	49
5	7	22	50
5	7	22	51
5	7	22	52
5	7	22	53
5	7	22	54
5	7	22	55
5	7	22	56
5	7	22	57
5	7	22	58
5	7	22	59
5	7	22	60
5	7	22	61
5	7	22	62
5	7	22	63
5	7	22	64
5	7	22	65
5	7	22	66
5	7	22	67
5	7	22	68
5	7	22	69
5	7	22	70
5	7	22	71
5	7	22	72
5	7	22	73
5	7	22	74
5	7	22	75
5	7	22	76
5	7	22	77
5	7	22	78
5	7	22	79
5	7	22	80
5	7	22	81
5	7	22	82
5	7	22	83
5	7	22	84
5	7	22	85
5	7	22	86
5	7	22	87
5	7	22	88
5	7	22	89
5	7	22	90
5	7	22	91
5	7	22	92
5	7	22	93
5	7	22	94
5	7	22	95
5	7	22	96
5	7	22	97
5	7	22	98
5	7	22	99
5	7	22	100
5	7	22	101
5	7	22	102
5	7	22	103
5	7	22	104
5	7	22	105
5	7	22	106
5	7	22	107
5	7	22	108
5	7	22	109
5	7	22	110
5	7	22	111
5	7	22	112
5	7	22	113
5	7	22	114
5	7	22	115
5	7	22	116
5	7	22	117
5	7	22	118
5	7	22	119
5	7	22	120
5	7	22	121
5	7	22	122
5	7	22	123
5	7	22	124
5	7	22	125
5	7	22	126
5	7	22	127
5	7	23	0
5	7	23	1
5	7	23	2
5	7	23	3
5	7	23	4
5	7	23	5
5	7	23	6
5	7	23	7
5	7	23	8
5	7	23	9
5	7	23	10
5	7	23	11
5	7	23	12
5	7	23	13
5	7	23	14
5	7	23	15
5	7	23	16
5	7	23	17
5	7	23	18
5	7	23	19
5	7	23	20
5	7	23	21
5	7	23	22
5	7	23	23
5	7	23	24
5	7	23	25
5	7	23	26
5	7	23	27
5	7	23	28
5	7	23	29
5	7	23	30
5	7	23	31
5	7	23	32
5	7	23	33
5	7	23	34
5	7	23	35
5	7	23	36
5	7	23	37
5	7	23	38
5	7	23	39
5	7	23	40
5	7	23	41
5	7	23	42
5	7	23	43
5	7	23	44
5	7	23	45
5	7	23	46
5	7	23	47
5	7	23	48
5	7	23	49
5	7	23	50
5	7	23	51
5	7	23	52
5	7	23	53
5	7	23	54
5	7	23	55
5	7	23	56
5	7	23	57
5	7	23	58
5	7	23	59
5	7	23	60
5	7	23	61
5	7	23	62
5	7	23	63
5	7	23	64
5	7	23	65
5	7	23	66
5	7	23	67
5	7	23	68
5	7	23	69
5	7	23	70
5	7	23	71
5	7	23	72
5	7	23	73
5	7	23	74
5	7	23	75
5	7	23	76
5	7	23	77
5	7	23	78
5	7	23	79
5	7	23	80
5	7	23	81
5	7	23	82
5	7	23	83
5	7	23	84
5	7	23	85
5	7	23	86
5	7	23	87
5	7	23	88
5	7	23	89
5	7	23	90
5	7	23	91
5	7	23	92
5	7	23	93
5	7	23	94
5	7	23	95
5	7	23	96
5	7	23	97
5	7	23	98
5	7	23	99
5	7	23	100
5	7	23	101
5	7	23	102
5	7	23	103
5	7	23	104
5	7	23	105
5	7	23	106
5	7	23	107
5	7	23	108
5	7	23	109
5	7	23	110
5	7	23	111
5	7	23	112
5	7	23	113
5	7	23	114
5	7	23	115
5	7	23	116
5	7	23	117
5	7	23	118
5	7	23	119
5	7	23	120
5	7	23	121
5	7	23	122
5	7	23	123
5	7	23	124
5	7	23	125
5	7	23	126
5	7	23	127
5	7	24	0
5	7	24	1
5	7	24	2
5	7	24	3
5	7	24	4
5	7	24	5
5	7	24	6
5	7	24	7
5	7	24	8
5	7	24	9
5	7	24	10
5	7	24	11
5	7	24	12
5	7	24	13
5	7	24	14
5	7	24	15
5	7	24	16
5	7	24	17
5	7	24	18
5	7	24	19
5	7	24	20
5	7	24	21
5	7	24	22
5	7	24	23
5	7	24	24
5	7	24	25
5	7	24	26
5	7	24	27
5	7	24	28
5	7	24	29
5	7	24	30
5	7	24	31
5	7	24	32
5	7	24	33
5	7	24	34
5	7	24	35
5	7	24	36
5	7	24	37
5	7	24	38
5	7	24	39
5	7	24	40
5	7	24	41
5	7	24	42
5	7	24	43
5	7	24	44
5	7	24	45
5	7	24	46
5	7	24	47
5	7	24	48
5	7	24	49
5	7	24	50
5	7	24	51
5	7	24	52
5	7	24	53
5	7	24	54
5	7	24	55
5	7	24	56
5	7	24	57
5	7	24	58
5	7	24	59
5	7	24	60
5	7	24	61
5	7	24	62
5	7	24	63
5	7	24	64
5	7	24	65
5	7	24	66
5	7	24	67
5	7	24	68
5	7	24	69
5	7	24	70
5	7	24	71
5	7	24	72
5	7	24	73
5	7	24	74
5	7	24	75
5	7	24	76
5	7	24	77
5	7	24	78
5	7	24	79
5	7	24	80
5	7	24	81
5	7	24	82
5	7	24	83
5	7	24	84
5	7	24	85
5	7	24	86
5	7	24	87
5	7	24	88
5	7	24	89
5	7	24	90
5	7	24	91
5	7	24	92
5	7	24	93
5	7	24	94
5	7	24	95
5	7	24	96
5	7	24	97
5	7	24	98
5	7	24	99
5	7	24	100
5	7	24	101
5	7	24	102
5	7	24	103
5	7	24	104
5	7	24	105
5	7	24	106
5	7	24	107
5	7	24	108
5	7	24	109
5	7	24	110
5	7	24	111
5	7	24	112
5	7	24	113
5	7	24	114
5	7	24	115
5	7	24	116
5	7	24	117
5	7	24	118
5	7	24	119
5	7	24	120
5	7	24	121
5	7	24	122
5	7	24	123
5	7	24	124
5	7	24	125
5	7	24	126
5	7	24	127
5	7	25	0
5	7	25	1
5	7	25	2
5	7	25	3
5	7	25	4
5	7	25	5
5	7	25	6
5	7	25	7
5	7	25	8
5	7	25	9
5	7	25	10
5	7	25	11
5	7	25	12
5	7	25	13
5	7	25	14
5	7	25	15
5	7	25	16
5	7	25	17
5	7	25	18
5	7	25	19
5	7	25	20
5	7	25	21
5	7	25	22
5	7	25	23
5	7	25	24
5	7	25	25
5	7	25	26
5	7	25	27
5	7	25	28
5	7	25	29
5	7	25	30
5	7	25	31
5	7	25	32
5	7	25	33
5	7	25	34
5	7	25	35
5	7	25	36
5	7	25	37
5	7	25	38
5	7	25	39
5	7	25	40
5	7	25	41
5	7	25	42
5	7	25	43
5	7	25	44
5	7	25	45
5	7	25	46
5	7	25	47
5	7	25	48
5	7	25	49
5	7	25	50
5	7	25	51
5	7	25	52
5	7	25	53
5	7	25	54
5	7	25	55
5	7	25	56
5	7	25	57
5	7	25	58
5	7	25	59
5	7	25	60
5	7	25	61
5	7	25	62
5	7	25	63
5	7	25	64
5	7	25	65
5	7	25	66
5	7	25	67
5	7	25	68
5	7	25	69
5	7	25	70
5	7	25	71
5	7	25	72
5	7	25	73
5	7	25	74
5	7	25	75
5	7	25	76
5	7	25	77
5	7	25	78
5	7	25	79
5	7	25	80
5	7	25	81
5	7	25	82
5	7	25	83
5	7	25	84
5	7	25	85
5	7	25	86
5	7	25	87
5	7	25	88
5	7	25	89
5	7	25	90
5	7	25	91
5	7	25	92
5	7	25	93
5	7	25	94
5	7	25	95
5	7	25	96
5	7	25	97
5	7	25	98
5	7	25	99
5	7	25	100
5	7	25	101
5	7	25	102
5	7	25	103
5	7	25	104
5	7	25	105
5	7	25	106
5	7	25	107
5	7	25	108
5	7	25	109
5	7	25	110
5	7	25	111
5	7	25	112
5	7	25	113
5	7	25	114
5	7	25	115
5	7	25	116
5	7	25	117
5	7	25	118
5	7	25	119
5	7	25	120
5	7	25	121
5	7	25	122
5	7	25	123
5	7	25	124
5	7	25	125
5	7	25	126
5	7	25	127
6	10	11	0
