# FELIX	FELIX_CH	CHIP	CHANNEL
0	6	6	2
0	6	6	5
0	6	6	6
0	6	6	10
0	6	6	11
0	6	6	13
0	6	6	14
0	6	6	15
0	6	6	21
0	6	6	22
0	6	6	26
0	6	6	27
0	6	6	29
0	6	6	30
0	6	6	31
0	6	6	37
0	6	6	43
0	6	6	58
0	6	6	59
0	6	6	61
0	6	6	62
0	6	6	63
0	6	6	66
0	6	6	69
0	6	6	70
0	6	6	74
0	6	6	75
0	6	6	77
0	6	6	78
0	6	6	79
0	6	6	86
0	6	6	90
0	6	6	91
0	6	6	93
0	6	6	94
0	6	6	95
0	6	6	98
0	6	6	101
0	6	6	102
0	6	6	103
0	6	6	105
0	6	6	106
0	6	6	107
0	6	6	109
0	6	6	110
0	6	6	111
0	6	6	114
0	6	6	116
0	6	6	117
0	6	6	118
0	6	6	119
0	6	6	121
0	6	6	122
0	6	6	123
0	6	6	124
0	6	6	125
0	6	6	126
0	6	6	127
1	2	14	0
1	2	16	0
1	10	17	83
1	10	17	86
2	1	7	0
3	8	0	0
3	8	0	1
3	8	0	2
3	8	0	3
3	8	0	4
3	8	0	5
3	8	0	6
3	8	0	7
3	8	0	8
3	8	0	9
3	8	0	10
3	8	0	11
3	8	0	12
3	8	0	13
3	8	0	14
3	8	0	15
3	8	0	16
3	8	0	17
3	8	0	18
3	8	0	19
3	8	0	20
3	8	0	21
3	8	0	22
3	8	0	23
3	8	0	24
3	8	0	25
3	8	0	26
3	8	0	27
3	8	0	28
3	8	0	29
3	8	0	30
3	8	0	31
3	8	0	32
3	8	0	33
3	8	0	34
3	8	0	35
3	8	0	36
3	8	0	37
3	8	0	38
3	8	0	39
3	8	0	40
3	8	0	41
3	8	0	42
3	8	0	43
3	8	0	44
3	8	0	45
3	8	0	46
3	8	0	47
3	8	0	48
3	8	0	49
3	8	0	50
3	8	0	51
3	8	0	52
3	8	0	53
3	8	0	54
3	8	0	55
3	8	0	56
3	8	0	57
3	8	0	58
3	8	0	59
3	8	0	60
3	8	0	61
3	8	0	62
3	8	0	63
3	8	0	64
3	8	0	65
3	8	0	66
3	8	0	67
3	8	0	68
3	8	0	69
3	8	0	70
3	8	0	71
3	8	0	72
3	8	0	73
3	8	0	74
3	8	0	75
3	8	0	76
3	8	0	77
3	8	0	78
3	8	0	79
3	8	0	80
3	8	0	81
3	8	0	82
3	8	0	83
3	8	0	84
3	8	0	85
3	8	0	86
3	8	0	87
3	8	0	88
3	8	0	89
3	8	0	90
3	8	0	91
3	8	0	92
3	8	0	93
3	8	0	94
3	8	0	95
3	8	0	96
3	8	0	97
3	8	0	98
3	8	0	99
3	8	0	100
3	8	0	101
3	8	0	102
3	8	0	103
3	8	0	104
3	8	0	105
3	8	0	106
3	8	0	107
3	8	0	108
3	8	0	109
3	8	0	110
3	8	0	111
3	8	0	112
3	8	0	113
3	8	0	114
3	8	0	115
3	8	0	116
3	8	0	117
3	8	0	118
3	8	0	119
3	8	0	120
3	8	0	121
3	8	0	122
3	8	0	123
3	8	0	124
3	8	0	125
3	8	0	126
3	8	0	127
3	8	1	0
3	8	1	1
3	8	1	2
3	8	1	3
3	8	1	4
3	8	1	5
3	8	1	6
3	8	1	7
3	8	1	8
3	8	1	9
3	8	1	10
3	8	1	11
3	8	1	12
3	8	1	13
3	8	1	14
3	8	1	15
3	8	1	16
3	8	1	17
3	8	1	18
3	8	1	19
3	8	1	20
3	8	1	21
3	8	1	22
3	8	1	23
3	8	1	24
3	8	1	25
3	8	1	26
3	8	1	27
3	8	1	28
3	8	1	29
3	8	1	30
3	8	1	31
3	8	1	32
3	8	1	33
3	8	1	34
3	8	1	35
3	8	1	36
3	8	1	37
3	8	1	38
3	8	1	39
3	8	1	40
3	8	1	41
3	8	1	42
3	8	1	43
3	8	1	44
3	8	1	45
3	8	1	46
3	8	1	47
3	8	1	48
3	8	1	49
3	8	1	50
3	8	1	51
3	8	1	52
3	8	1	53
3	8	1	54
3	8	1	55
3	8	1	56
3	8	1	57
3	8	1	58
3	8	1	59
3	8	1	60
3	8	1	61
3	8	1	62
3	8	1	63
3	8	1	64
3	8	1	65
3	8	1	66
3	8	1	67
3	8	1	68
3	8	1	69
3	8	1	70
3	8	1	71
3	8	1	72
3	8	1	73
3	8	1	74
3	8	1	75
3	8	1	76
3	8	1	77
3	8	1	78
3	8	1	79
3	8	1	80
3	8	1	81
3	8	1	82
3	8	1	83
3	8	1	84
3	8	1	85
3	8	1	86
3	8	1	87
3	8	1	88
3	8	1	89
3	8	1	90
3	8	1	91
3	8	1	92
3	8	1	93
3	8	1	94
3	8	1	95
3	8	1	96
3	8	1	97
3	8	1	98
3	8	1	99
3	8	1	100
3	8	1	101
3	8	1	102
3	8	1	103
3	8	1	104
3	8	1	105
3	8	1	106
3	8	1	107
3	8	1	108
3	8	1	109
3	8	1	110
3	8	1	111
3	8	1	112
3	8	1	113
3	8	1	114
3	8	1	115
3	8	1	116
3	8	1	117
3	8	1	118
3	8	1	119
3	8	1	120
3	8	1	121
3	8	1	122
3	8	1	123
3	8	1	124
3	8	1	125
3	8	1	126
3	8	1	127
3	8	2	0
3	8	2	1
3	8	2	2
3	8	2	3
3	8	2	4
3	8	2	5
3	8	2	6
3	8	2	7
3	8	2	8
3	8	2	9
3	8	2	10
3	8	2	11
3	8	2	12
3	8	2	13
3	8	2	14
3	8	2	15
3	8	2	16
3	8	2	17
3	8	2	18
3	8	2	19
3	8	2	20
3	8	2	21
3	8	2	22
3	8	2	23
3	8	2	24
3	8	2	25
3	8	2	26
3	8	2	27
3	8	2	28
3	8	2	29
3	8	2	30
3	8	2	31
3	8	2	32
3	8	2	33
3	8	2	34
3	8	2	35
3	8	2	36
3	8	2	37
3	8	2	38
3	8	2	39
3	8	2	40
3	8	2	41
3	8	2	42
3	8	2	43
3	8	2	44
3	8	2	45
3	8	2	46
3	8	2	47
3	8	2	48
3	8	2	49
3	8	2	50
3	8	2	51
3	8	2	52
3	8	2	53
3	8	2	54
3	8	2	55
3	8	2	56
3	8	2	57
3	8	2	58
3	8	2	59
3	8	2	60
3	8	2	61
3	8	2	62
3	8	2	63
3	8	2	64
3	8	2	65
3	8	2	66
3	8	2	67
3	8	2	68
3	8	2	69
3	8	2	70
3	8	2	71
3	8	2	72
3	8	2	73
3	8	2	74
3	8	2	75
3	8	2	76
3	8	2	77
3	8	2	78
3	8	2	79
3	8	2	80
3	8	2	81
3	8	2	82
3	8	2	83
3	8	2	84
3	8	2	85
3	8	2	86
3	8	2	87
3	8	2	88
3	8	2	89
3	8	2	90
3	8	2	91
3	8	2	92
3	8	2	93
3	8	2	94
3	8	2	95
3	8	2	96
3	8	2	97
3	8	2	98
3	8	2	99
3	8	2	100
3	8	2	101
3	8	2	102
3	8	2	103
3	8	2	104
3	8	2	105
3	8	2	106
3	8	2	107
3	8	2	108
3	8	2	109
3	8	2	110
3	8	2	111
3	8	2	112
3	8	2	113
3	8	2	114
3	8	2	115
3	8	2	116
3	8	2	117
3	8	2	118
3	8	2	119
3	8	2	120
3	8	2	121
3	8	2	122
3	8	2	123
3	8	2	124
3	8	2	125
3	8	2	126
3	8	2	127
3	8	3	0
3	8	3	1
3	8	3	2
3	8	3	3
3	8	3	4
3	8	3	5
3	8	3	6
3	8	3	7
3	8	3	8
3	8	3	9
3	8	3	10
3	8	3	11
3	8	3	12
3	8	3	13
3	8	3	14
3	8	3	15
3	8	3	16
3	8	3	17
3	8	3	18
3	8	3	19
3	8	3	20
3	8	3	21
3	8	3	22
3	8	3	23
3	8	3	24
3	8	3	25
3	8	3	26
3	8	3	27
3	8	3	28
3	8	3	29
3	8	3	30
3	8	3	31
3	8	3	32
3	8	3	33
3	8	3	34
3	8	3	35
3	8	3	36
3	8	3	37
3	8	3	38
3	8	3	39
3	8	3	40
3	8	3	41
3	8	3	42
3	8	3	43
3	8	3	44
3	8	3	45
3	8	3	46
3	8	3	47
3	8	3	48
3	8	3	49
3	8	3	50
3	8	3	51
3	8	3	52
3	8	3	53
3	8	3	54
3	8	3	55
3	8	3	56
3	8	3	57
3	8	3	58
3	8	3	59
3	8	3	60
3	8	3	61
3	8	3	62
3	8	3	63
3	8	3	64
3	8	3	65
3	8	3	66
3	8	3	67
3	8	3	68
3	8	3	69
3	8	3	70
3	8	3	71
3	8	3	72
3	8	3	73
3	8	3	74
3	8	3	75
3	8	3	76
3	8	3	77
3	8	3	78
3	8	3	79
3	8	3	80
3	8	3	81
3	8	3	82
3	8	3	83
3	8	3	84
3	8	3	85
3	8	3	86
3	8	3	87
3	8	3	88
3	8	3	89
3	8	3	90
3	8	3	91
3	8	3	92
3	8	3	93
3	8	3	94
3	8	3	95
3	8	3	96
3	8	3	97
3	8	3	98
3	8	3	99
3	8	3	100
3	8	3	101
3	8	3	102
3	8	3	103
3	8	3	104
3	8	3	105
3	8	3	106
3	8	3	107
3	8	3	108
3	8	3	109
3	8	3	110
3	8	3	111
3	8	3	112
3	8	3	113
3	8	3	114
3	8	3	115
3	8	3	116
3	8	3	117
3	8	3	118
3	8	3	119
3	8	3	120
3	8	3	121
3	8	3	122
3	8	3	123
3	8	3	124
3	8	3	125
3	8	3	126
3	8	3	127
3	8	4	0
3	8	4	1
3	8	4	2
3	8	4	3
3	8	4	4
3	8	4	5
3	8	4	6
3	8	4	7
3	8	4	8
3	8	4	9
3	8	4	10
3	8	4	11
3	8	4	12
3	8	4	13
3	8	4	14
3	8	4	15
3	8	4	16
3	8	4	17
3	8	4	18
3	8	4	19
3	8	4	20
3	8	4	21
3	8	4	22
3	8	4	23
3	8	4	24
3	8	4	25
3	8	4	26
3	8	4	27
3	8	4	28
3	8	4	29
3	8	4	30
3	8	4	31
3	8	4	32
3	8	4	33
3	8	4	34
3	8	4	35
3	8	4	36
3	8	4	37
3	8	4	38
3	8	4	39
3	8	4	40
3	8	4	41
3	8	4	42
3	8	4	43
3	8	4	44
3	8	4	45
3	8	4	46
3	8	4	47
3	8	4	48
3	8	4	49
3	8	4	50
3	8	4	51
3	8	4	52
3	8	4	53
3	8	4	54
3	8	4	55
3	8	4	56
3	8	4	57
3	8	4	58
3	8	4	59
3	8	4	60
3	8	4	61
3	8	4	62
3	8	4	63
3	8	4	64
3	8	4	65
3	8	4	66
3	8	4	67
3	8	4	68
3	8	4	69
3	8	4	70
3	8	4	71
3	8	4	72
3	8	4	73
3	8	4	74
3	8	4	75
3	8	4	76
3	8	4	77
3	8	4	78
3	8	4	79
3	8	4	80
3	8	4	81
3	8	4	82
3	8	4	83
3	8	4	84
3	8	4	85
3	8	4	86
3	8	4	87
3	8	4	88
3	8	4	89
3	8	4	90
3	8	4	91
3	8	4	92
3	8	4	93
3	8	4	94
3	8	4	95
3	8	4	96
3	8	4	97
3	8	4	98
3	8	4	99
3	8	4	100
3	8	4	101
3	8	4	102
3	8	4	103
3	8	4	104
3	8	4	105
3	8	4	106
3	8	4	107
3	8	4	108
3	8	4	109
3	8	4	110
3	8	4	111
3	8	4	112
3	8	4	113
3	8	4	114
3	8	4	115
3	8	4	116
3	8	4	117
3	8	4	118
3	8	4	119
3	8	4	120
3	8	4	121
3	8	4	122
3	8	4	123
3	8	4	124
3	8	4	125
3	8	4	126
3	8	4	127
3	8	5	0
3	8	5	1
3	8	5	2
3	8	5	3
3	8	5	4
3	8	5	5
3	8	5	6
3	8	5	7
3	8	5	8
3	8	5	9
3	8	5	10
3	8	5	11
3	8	5	12
3	8	5	13
3	8	5	14
3	8	5	15
3	8	5	16
3	8	5	17
3	8	5	18
3	8	5	19
3	8	5	20
3	8	5	21
3	8	5	22
3	8	5	23
3	8	5	24
3	8	5	25
3	8	5	26
3	8	5	27
3	8	5	28
3	8	5	29
3	8	5	30
3	8	5	31
3	8	5	32
3	8	5	33
3	8	5	34
3	8	5	35
3	8	5	36
3	8	5	37
3	8	5	38
3	8	5	39
3	8	5	40
3	8	5	41
3	8	5	42
3	8	5	43
3	8	5	44
3	8	5	45
3	8	5	46
3	8	5	47
3	8	5	48
3	8	5	49
3	8	5	50
3	8	5	51
3	8	5	52
3	8	5	53
3	8	5	54
3	8	5	55
3	8	5	56
3	8	5	57
3	8	5	58
3	8	5	59
3	8	5	60
3	8	5	61
3	8	5	62
3	8	5	63
3	8	5	64
3	8	5	65
3	8	5	66
3	8	5	67
3	8	5	68
3	8	5	69
3	8	5	70
3	8	5	71
3	8	5	72
3	8	5	73
3	8	5	74
3	8	5	75
3	8	5	76
3	8	5	77
3	8	5	78
3	8	5	79
3	8	5	80
3	8	5	81
3	8	5	82
3	8	5	83
3	8	5	84
3	8	5	85
3	8	5	86
3	8	5	87
3	8	5	88
3	8	5	89
3	8	5	90
3	8	5	91
3	8	5	92
3	8	5	93
3	8	5	94
3	8	5	95
3	8	5	96
3	8	5	97
3	8	5	98
3	8	5	99
3	8	5	100
3	8	5	101
3	8	5	102
3	8	5	103
3	8	5	104
3	8	5	105
3	8	5	106
3	8	5	107
3	8	5	108
3	8	5	109
3	8	5	110
3	8	5	111
3	8	5	112
3	8	5	113
3	8	5	114
3	8	5	115
3	8	5	116
3	8	5	117
3	8	5	118
3	8	5	119
3	8	5	120
3	8	5	121
3	8	5	122
3	8	5	123
3	8	5	124
3	8	5	125
3	8	5	126
3	8	5	127
3	8	6	0
3	8	6	1
3	8	6	2
3	8	6	3
3	8	6	4
3	8	6	5
3	8	6	6
3	8	6	7
3	8	6	8
3	8	6	9
3	8	6	10
3	8	6	11
3	8	6	12
3	8	6	13
3	8	6	14
3	8	6	15
3	8	6	16
3	8	6	17
3	8	6	18
3	8	6	19
3	8	6	20
3	8	6	21
3	8	6	22
3	8	6	23
3	8	6	24
3	8	6	25
3	8	6	26
3	8	6	27
3	8	6	28
3	8	6	29
3	8	6	30
3	8	6	31
3	8	6	32
3	8	6	33
3	8	6	34
3	8	6	35
3	8	6	36
3	8	6	37
3	8	6	38
3	8	6	39
3	8	6	40
3	8	6	41
3	8	6	42
3	8	6	43
3	8	6	44
3	8	6	45
3	8	6	46
3	8	6	47
3	8	6	48
3	8	6	49
3	8	6	50
3	8	6	51
3	8	6	52
3	8	6	53
3	8	6	54
3	8	6	55
3	8	6	56
3	8	6	57
3	8	6	58
3	8	6	59
3	8	6	60
3	8	6	61
3	8	6	62
3	8	6	63
3	8	6	64
3	8	6	65
3	8	6	66
3	8	6	67
3	8	6	68
3	8	6	69
3	8	6	70
3	8	6	71
3	8	6	72
3	8	6	73
3	8	6	74
3	8	6	75
3	8	6	76
3	8	6	77
3	8	6	78
3	8	6	79
3	8	6	80
3	8	6	81
3	8	6	82
3	8	6	83
3	8	6	84
3	8	6	85
3	8	6	86
3	8	6	87
3	8	6	88
3	8	6	89
3	8	6	90
3	8	6	91
3	8	6	92
3	8	6	93
3	8	6	94
3	8	6	95
3	8	6	96
3	8	6	97
3	8	6	98
3	8	6	99
3	8	6	100
3	8	6	101
3	8	6	102
3	8	6	103
3	8	6	104
3	8	6	105
3	8	6	106
3	8	6	107
3	8	6	108
3	8	6	109
3	8	6	110
3	8	6	111
3	8	6	112
3	8	6	113
3	8	6	114
3	8	6	115
3	8	6	116
3	8	6	117
3	8	6	118
3	8	6	119
3	8	6	120
3	8	6	121
3	8	6	122
3	8	6	123
3	8	6	124
3	8	6	125
3	8	6	126
3	8	6	127
3	8	7	0
3	8	7	1
3	8	7	2
3	8	7	3
3	8	7	4
3	8	7	5
3	8	7	6
3	8	7	7
3	8	7	8
3	8	7	9
3	8	7	10
3	8	7	11
3	8	7	12
3	8	7	13
3	8	7	14
3	8	7	15
3	8	7	16
3	8	7	17
3	8	7	18
3	8	7	19
3	8	7	20
3	8	7	21
3	8	7	22
3	8	7	23
3	8	7	24
3	8	7	25
3	8	7	26
3	8	7	27
3	8	7	28
3	8	7	29
3	8	7	30
3	8	7	31
3	8	7	32
3	8	7	33
3	8	7	34
3	8	7	35
3	8	7	36
3	8	7	37
3	8	7	38
3	8	7	39
3	8	7	40
3	8	7	41
3	8	7	42
3	8	7	43
3	8	7	44
3	8	7	45
3	8	7	46
3	8	7	47
3	8	7	48
3	8	7	49
3	8	7	50
3	8	7	51
3	8	7	52
3	8	7	53
3	8	7	54
3	8	7	55
3	8	7	56
3	8	7	57
3	8	7	58
3	8	7	59
3	8	7	60
3	8	7	61
3	8	7	62
3	8	7	63
3	8	7	64
3	8	7	65
3	8	7	66
3	8	7	67
3	8	7	68
3	8	7	69
3	8	7	70
3	8	7	71
3	8	7	72
3	8	7	73
3	8	7	74
3	8	7	75
3	8	7	76
3	8	7	77
3	8	7	78
3	8	7	79
3	8	7	80
3	8	7	81
3	8	7	82
3	8	7	83
3	8	7	84
3	8	7	85
3	8	7	86
3	8	7	87
3	8	7	88
3	8	7	89
3	8	7	90
3	8	7	91
3	8	7	92
3	8	7	93
3	8	7	94
3	8	7	95
3	8	7	96
3	8	7	97
3	8	7	98
3	8	7	99
3	8	7	100
3	8	7	101
3	8	7	102
3	8	7	103
3	8	7	104
3	8	7	105
3	8	7	106
3	8	7	107
3	8	7	108
3	8	7	109
3	8	7	110
3	8	7	111
3	8	7	112
3	8	7	113
3	8	7	114
3	8	7	115
3	8	7	116
3	8	7	117
3	8	7	118
3	8	7	119
3	8	7	120
3	8	7	121
3	8	7	122
3	8	7	123
3	8	7	124
3	8	7	125
3	8	7	126
3	8	7	127
3	8	8	0
3	8	8	1
3	8	8	2
3	8	8	3
3	8	8	4
3	8	8	5
3	8	8	6
3	8	8	7
3	8	8	8
3	8	8	9
3	8	8	10
3	8	8	11
3	8	8	12
3	8	8	13
3	8	8	14
3	8	8	15
3	8	8	16
3	8	8	17
3	8	8	18
3	8	8	19
3	8	8	20
3	8	8	21
3	8	8	22
3	8	8	23
3	8	8	24
3	8	8	25
3	8	8	26
3	8	8	27
3	8	8	28
3	8	8	29
3	8	8	30
3	8	8	31
3	8	8	32
3	8	8	33
3	8	8	34
3	8	8	35
3	8	8	36
3	8	8	37
3	8	8	38
3	8	8	39
3	8	8	40
3	8	8	41
3	8	8	42
3	8	8	43
3	8	8	44
3	8	8	45
3	8	8	46
3	8	8	47
3	8	8	48
3	8	8	49
3	8	8	50
3	8	8	51
3	8	8	52
3	8	8	53
3	8	8	54
3	8	8	55
3	8	8	56
3	8	8	57
3	8	8	58
3	8	8	59
3	8	8	60
3	8	8	61
3	8	8	62
3	8	8	63
3	8	8	64
3	8	8	65
3	8	8	66
3	8	8	67
3	8	8	68
3	8	8	69
3	8	8	70
3	8	8	71
3	8	8	72
3	8	8	73
3	8	8	74
3	8	8	75
3	8	8	76
3	8	8	77
3	8	8	78
3	8	8	79
3	8	8	80
3	8	8	81
3	8	8	82
3	8	8	83
3	8	8	84
3	8	8	85
3	8	8	86
3	8	8	87
3	8	8	88
3	8	8	89
3	8	8	90
3	8	8	91
3	8	8	92
3	8	8	93
3	8	8	94
3	8	8	95
3	8	8	96
3	8	8	97
3	8	8	98
3	8	8	99
3	8	8	100
3	8	8	101
3	8	8	102
3	8	8	103
3	8	8	104
3	8	8	105
3	8	8	106
3	8	8	107
3	8	8	108
3	8	8	109
3	8	8	110
3	8	8	111
3	8	8	112
3	8	8	113
3	8	8	114
3	8	8	115
3	8	8	116
3	8	8	117
3	8	8	118
3	8	8	119
3	8	8	120
3	8	8	121
3	8	8	122
3	8	8	123
3	8	8	124
3	8	8	125
3	8	8	126
3	8	8	127
3	8	9	0
3	8	9	1
3	8	9	2
3	8	9	3
3	8	9	4
3	8	9	5
3	8	9	6
3	8	9	7
3	8	9	8
3	8	9	9
3	8	9	10
3	8	9	11
3	8	9	12
3	8	9	13
3	8	9	14
3	8	9	15
3	8	9	16
3	8	9	17
3	8	9	18
3	8	9	19
3	8	9	20
3	8	9	21
3	8	9	22
3	8	9	23
3	8	9	24
3	8	9	25
3	8	9	26
3	8	9	27
3	8	9	28
3	8	9	29
3	8	9	30
3	8	9	31
3	8	9	32
3	8	9	33
3	8	9	34
3	8	9	35
3	8	9	36
3	8	9	37
3	8	9	38
3	8	9	39
3	8	9	40
3	8	9	41
3	8	9	42
3	8	9	43
3	8	9	44
3	8	9	45
3	8	9	46
3	8	9	47
3	8	9	48
3	8	9	49
3	8	9	50
3	8	9	51
3	8	9	52
3	8	9	53
3	8	9	54
3	8	9	55
3	8	9	56
3	8	9	57
3	8	9	58
3	8	9	59
3	8	9	60
3	8	9	61
3	8	9	62
3	8	9	63
3	8	9	64
3	8	9	65
3	8	9	66
3	8	9	67
3	8	9	68
3	8	9	69
3	8	9	70
3	8	9	71
3	8	9	72
3	8	9	73
3	8	9	74
3	8	9	75
3	8	9	76
3	8	9	77
3	8	9	78
3	8	9	79
3	8	9	80
3	8	9	81
3	8	9	82
3	8	9	83
3	8	9	84
3	8	9	85
3	8	9	86
3	8	9	87
3	8	9	88
3	8	9	89
3	8	9	90
3	8	9	91
3	8	9	92
3	8	9	93
3	8	9	94
3	8	9	95
3	8	9	96
3	8	9	97
3	8	9	98
3	8	9	99
3	8	9	100
3	8	9	101
3	8	9	102
3	8	9	103
3	8	9	104
3	8	9	105
3	8	9	106
3	8	9	107
3	8	9	108
3	8	9	109
3	8	9	110
3	8	9	111
3	8	9	112
3	8	9	113
3	8	9	114
3	8	9	115
3	8	9	116
3	8	9	117
3	8	9	118
3	8	9	119
3	8	9	120
3	8	9	121
3	8	9	122
3	8	9	123
3	8	9	124
3	8	9	125
3	8	9	126
3	8	9	127
3	8	10	0
3	8	10	1
3	8	10	2
3	8	10	3
3	8	10	4
3	8	10	5
3	8	10	6
3	8	10	7
3	8	10	8
3	8	10	9
3	8	10	10
3	8	10	11
3	8	10	12
3	8	10	13
3	8	10	14
3	8	10	15
3	8	10	16
3	8	10	17
3	8	10	18
3	8	10	19
3	8	10	20
3	8	10	21
3	8	10	22
3	8	10	23
3	8	10	24
3	8	10	25
3	8	10	26
3	8	10	27
3	8	10	28
3	8	10	29
3	8	10	30
3	8	10	31
3	8	10	32
3	8	10	33
3	8	10	34
3	8	10	35
3	8	10	36
3	8	10	37
3	8	10	38
3	8	10	39
3	8	10	40
3	8	10	41
3	8	10	42
3	8	10	43
3	8	10	44
3	8	10	45
3	8	10	46
3	8	10	47
3	8	10	48
3	8	10	49
3	8	10	50
3	8	10	51
3	8	10	52
3	8	10	53
3	8	10	54
3	8	10	55
3	8	10	56
3	8	10	57
3	8	10	58
3	8	10	59
3	8	10	60
3	8	10	61
3	8	10	62
3	8	10	63
3	8	10	64
3	8	10	65
3	8	10	66
3	8	10	67
3	8	10	68
3	8	10	69
3	8	10	70
3	8	10	71
3	8	10	72
3	8	10	73
3	8	10	74
3	8	10	75
3	8	10	76
3	8	10	77
3	8	10	78
3	8	10	79
3	8	10	80
3	8	10	81
3	8	10	82
3	8	10	83
3	8	10	84
3	8	10	85
3	8	10	86
3	8	10	87
3	8	10	88
3	8	10	89
3	8	10	90
3	8	10	91
3	8	10	92
3	8	10	93
3	8	10	94
3	8	10	95
3	8	10	96
3	8	10	97
3	8	10	98
3	8	10	99
3	8	10	100
3	8	10	101
3	8	10	102
3	8	10	103
3	8	10	104
3	8	10	105
3	8	10	106
3	8	10	107
3	8	10	108
3	8	10	109
3	8	10	110
3	8	10	111
3	8	10	112
3	8	10	113
3	8	10	114
3	8	10	115
3	8	10	116
3	8	10	117
3	8	10	118
3	8	10	119
3	8	10	120
3	8	10	121
3	8	10	122
3	8	10	123
3	8	10	124
3	8	10	125
3	8	10	126
3	8	10	127
3	8	11	0
3	8	11	1
3	8	11	2
3	8	11	3
3	8	11	4
3	8	11	5
3	8	11	6
3	8	11	7
3	8	11	8
3	8	11	9
3	8	11	10
3	8	11	11
3	8	11	12
3	8	11	13
3	8	11	14
3	8	11	15
3	8	11	16
3	8	11	17
3	8	11	18
3	8	11	19
3	8	11	20
3	8	11	21
3	8	11	22
3	8	11	23
3	8	11	24
3	8	11	25
3	8	11	26
3	8	11	27
3	8	11	28
3	8	11	29
3	8	11	30
3	8	11	31
3	8	11	32
3	8	11	33
3	8	11	34
3	8	11	35
3	8	11	36
3	8	11	37
3	8	11	38
3	8	11	39
3	8	11	40
3	8	11	41
3	8	11	42
3	8	11	43
3	8	11	44
3	8	11	45
3	8	11	46
3	8	11	47
3	8	11	48
3	8	11	49
3	8	11	50
3	8	11	51
3	8	11	52
3	8	11	53
3	8	11	54
3	8	11	55
3	8	11	56
3	8	11	57
3	8	11	58
3	8	11	59
3	8	11	60
3	8	11	61
3	8	11	62
3	8	11	63
3	8	11	64
3	8	11	65
3	8	11	66
3	8	11	67
3	8	11	68
3	8	11	69
3	8	11	70
3	8	11	71
3	8	11	72
3	8	11	73
3	8	11	74
3	8	11	75
3	8	11	76
3	8	11	77
3	8	11	78
3	8	11	79
3	8	11	80
3	8	11	81
3	8	11	82
3	8	11	83
3	8	11	84
3	8	11	85
3	8	11	86
3	8	11	87
3	8	11	88
3	8	11	89
3	8	11	90
3	8	11	91
3	8	11	92
3	8	11	93
3	8	11	94
3	8	11	95
3	8	11	96
3	8	11	97
3	8	11	98
3	8	11	99
3	8	11	100
3	8	11	101
3	8	11	102
3	8	11	103
3	8	11	104
3	8	11	105
3	8	11	106
3	8	11	107
3	8	11	108
3	8	11	109
3	8	11	110
3	8	11	111
3	8	11	112
3	8	11	113
3	8	11	114
3	8	11	115
3	8	11	116
3	8	11	117
3	8	11	118
3	8	11	119
3	8	11	120
3	8	11	121
3	8	11	122
3	8	11	123
3	8	11	124
3	8	11	125
3	8	11	126
3	8	11	127
3	8	12	0
3	8	12	1
3	8	12	2
3	8	12	3
3	8	12	4
3	8	12	5
3	8	12	6
3	8	12	7
3	8	12	8
3	8	12	9
3	8	12	10
3	8	12	11
3	8	12	12
3	8	12	13
3	8	12	14
3	8	12	15
3	8	12	16
3	8	12	17
3	8	12	18
3	8	12	19
3	8	12	20
3	8	12	21
3	8	12	22
3	8	12	23
3	8	12	24
3	8	12	25
3	8	12	26
3	8	12	27
3	8	12	28
3	8	12	29
3	8	12	30
3	8	12	31
3	8	12	32
3	8	12	33
3	8	12	34
3	8	12	35
3	8	12	36
3	8	12	37
3	8	12	38
3	8	12	39
3	8	12	40
3	8	12	41
3	8	12	42
3	8	12	43
3	8	12	44
3	8	12	45
3	8	12	46
3	8	12	47
3	8	12	48
3	8	12	49
3	8	12	50
3	8	12	51
3	8	12	52
3	8	12	53
3	8	12	54
3	8	12	55
3	8	12	56
3	8	12	57
3	8	12	58
3	8	12	59
3	8	12	60
3	8	12	61
3	8	12	62
3	8	12	63
3	8	12	64
3	8	12	65
3	8	12	66
3	8	12	67
3	8	12	68
3	8	12	69
3	8	12	70
3	8	12	71
3	8	12	72
3	8	12	73
3	8	12	74
3	8	12	75
3	8	12	76
3	8	12	77
3	8	12	78
3	8	12	79
3	8	12	80
3	8	12	81
3	8	12	82
3	8	12	83
3	8	12	84
3	8	12	85
3	8	12	86
3	8	12	87
3	8	12	88
3	8	12	89
3	8	12	90
3	8	12	91
3	8	12	92
3	8	12	93
3	8	12	94
3	8	12	95
3	8	12	96
3	8	12	97
3	8	12	98
3	8	12	99
3	8	12	100
3	8	12	101
3	8	12	102
3	8	12	103
3	8	12	104
3	8	12	105
3	8	12	106
3	8	12	107
3	8	12	108
3	8	12	109
3	8	12	110
3	8	12	111
3	8	12	112
3	8	12	113
3	8	12	114
3	8	12	115
3	8	12	116
3	8	12	117
3	8	12	118
3	8	12	119
3	8	12	120
3	8	12	121
3	8	12	122
3	8	12	123
3	8	12	124
3	8	12	125
3	8	12	126
3	8	12	127
3	8	13	0
3	8	13	1
3	8	13	2
3	8	13	3
3	8	13	4
3	8	13	5
3	8	13	6
3	8	13	7
3	8	13	8
3	8	13	9
3	8	13	10
3	8	13	11
3	8	13	12
3	8	13	13
3	8	13	14
3	8	13	15
3	8	13	16
3	8	13	17
3	8	13	18
3	8	13	19
3	8	13	20
3	8	13	21
3	8	13	22
3	8	13	23
3	8	13	24
3	8	13	25
3	8	13	26
3	8	13	27
3	8	13	28
3	8	13	29
3	8	13	30
3	8	13	31
3	8	13	32
3	8	13	33
3	8	13	34
3	8	13	35
3	8	13	36
3	8	13	37
3	8	13	38
3	8	13	39
3	8	13	40
3	8	13	41
3	8	13	42
3	8	13	43
3	8	13	44
3	8	13	45
3	8	13	46
3	8	13	47
3	8	13	48
3	8	13	49
3	8	13	50
3	8	13	51
3	8	13	52
3	8	13	53
3	8	13	54
3	8	13	55
3	8	13	56
3	8	13	57
3	8	13	58
3	8	13	59
3	8	13	60
3	8	13	61
3	8	13	62
3	8	13	63
3	8	13	64
3	8	13	65
3	8	13	66
3	8	13	67
3	8	13	68
3	8	13	69
3	8	13	70
3	8	13	71
3	8	13	72
3	8	13	73
3	8	13	74
3	8	13	75
3	8	13	76
3	8	13	77
3	8	13	78
3	8	13	79
3	8	13	80
3	8	13	81
3	8	13	82
3	8	13	83
3	8	13	84
3	8	13	85
3	8	13	86
3	8	13	87
3	8	13	88
3	8	13	89
3	8	13	90
3	8	13	91
3	8	13	92
3	8	13	93
3	8	13	94
3	8	13	95
3	8	13	96
3	8	13	97
3	8	13	98
3	8	13	99
3	8	13	100
3	8	13	101
3	8	13	102
3	8	13	103
3	8	13	104
3	8	13	105
3	8	13	106
3	8	13	107
3	8	13	108
3	8	13	109
3	8	13	110
3	8	13	111
3	8	13	112
3	8	13	113
3	8	13	114
3	8	13	115
3	8	13	116
3	8	13	117
3	8	13	118
3	8	13	119
3	8	13	120
3	8	13	121
3	8	13	122
3	8	13	123
3	8	13	124
3	8	13	125
3	8	13	126
3	8	13	127
3	8	14	0
3	8	14	1
3	8	14	2
3	8	14	3
3	8	14	4
3	8	14	5
3	8	14	6
3	8	14	7
3	8	14	8
3	8	14	9
3	8	14	10
3	8	14	11
3	8	14	12
3	8	14	13
3	8	14	14
3	8	14	15
3	8	14	16
3	8	14	17
3	8	14	18
3	8	14	19
3	8	14	20
3	8	14	21
3	8	14	22
3	8	14	23
3	8	14	24
3	8	14	25
3	8	14	26
3	8	14	27
3	8	14	28
3	8	14	29
3	8	14	30
3	8	14	31
3	8	14	32
3	8	14	33
3	8	14	34
3	8	14	35
3	8	14	36
3	8	14	37
3	8	14	38
3	8	14	39
3	8	14	40
3	8	14	41
3	8	14	42
3	8	14	43
3	8	14	44
3	8	14	45
3	8	14	46
3	8	14	47
3	8	14	48
3	8	14	49
3	8	14	50
3	8	14	51
3	8	14	52
3	8	14	53
3	8	14	54
3	8	14	55
3	8	14	56
3	8	14	57
3	8	14	58
3	8	14	59
3	8	14	60
3	8	14	61
3	8	14	62
3	8	14	63
3	8	14	64
3	8	14	65
3	8	14	66
3	8	14	67
3	8	14	68
3	8	14	69
3	8	14	70
3	8	14	71
3	8	14	72
3	8	14	73
3	8	14	74
3	8	14	75
3	8	14	76
3	8	14	77
3	8	14	78
3	8	14	79
3	8	14	80
3	8	14	81
3	8	14	82
3	8	14	83
3	8	14	84
3	8	14	85
3	8	14	86
3	8	14	87
3	8	14	88
3	8	14	89
3	8	14	90
3	8	14	91
3	8	14	92
3	8	14	93
3	8	14	94
3	8	14	95
3	8	14	96
3	8	14	97
3	8	14	98
3	8	14	99
3	8	14	100
3	8	14	101
3	8	14	102
3	8	14	103
3	8	14	104
3	8	14	105
3	8	14	106
3	8	14	107
3	8	14	108
3	8	14	109
3	8	14	110
3	8	14	111
3	8	14	112
3	8	14	113
3	8	14	114
3	8	14	115
3	8	14	116
3	8	14	117
3	8	14	118
3	8	14	119
3	8	14	120
3	8	14	121
3	8	14	122
3	8	14	123
3	8	14	124
3	8	14	125
3	8	14	126
3	8	14	127
3	8	15	0
3	8	15	1
3	8	15	2
3	8	15	3
3	8	15	4
3	8	15	5
3	8	15	6
3	8	15	7
3	8	15	8
3	8	15	9
3	8	15	10
3	8	15	11
3	8	15	12
3	8	15	13
3	8	15	14
3	8	15	15
3	8	15	16
3	8	15	17
3	8	15	18
3	8	15	19
3	8	15	20
3	8	15	21
3	8	15	22
3	8	15	23
3	8	15	24
3	8	15	25
3	8	15	26
3	8	15	27
3	8	15	28
3	8	15	29
3	8	15	30
3	8	15	31
3	8	15	32
3	8	15	33
3	8	15	34
3	8	15	35
3	8	15	36
3	8	15	37
3	8	15	38
3	8	15	39
3	8	15	40
3	8	15	41
3	8	15	42
3	8	15	43
3	8	15	44
3	8	15	45
3	8	15	46
3	8	15	47
3	8	15	48
3	8	15	49
3	8	15	50
3	8	15	51
3	8	15	52
3	8	15	53
3	8	15	54
3	8	15	55
3	8	15	56
3	8	15	57
3	8	15	58
3	8	15	59
3	8	15	60
3	8	15	61
3	8	15	62
3	8	15	63
3	8	15	64
3	8	15	65
3	8	15	66
3	8	15	67
3	8	15	68
3	8	15	69
3	8	15	70
3	8	15	71
3	8	15	72
3	8	15	73
3	8	15	74
3	8	15	75
3	8	15	76
3	8	15	77
3	8	15	78
3	8	15	79
3	8	15	80
3	8	15	81
3	8	15	82
3	8	15	83
3	8	15	84
3	8	15	85
3	8	15	86
3	8	15	87
3	8	15	88
3	8	15	89
3	8	15	90
3	8	15	91
3	8	15	92
3	8	15	93
3	8	15	94
3	8	15	95
3	8	15	96
3	8	15	97
3	8	15	98
3	8	15	99
3	8	15	100
3	8	15	101
3	8	15	102
3	8	15	103
3	8	15	104
3	8	15	105
3	8	15	106
3	8	15	107
3	8	15	108
3	8	15	109
3	8	15	110
3	8	15	111
3	8	15	112
3	8	15	113
3	8	15	114
3	8	15	115
3	8	15	116
3	8	15	117
3	8	15	118
3	8	15	119
3	8	15	120
3	8	15	121
3	8	15	122
3	8	15	123
3	8	15	124
3	8	15	125
3	8	15	126
3	8	15	127
3	8	16	0
3	8	16	1
3	8	16	2
3	8	16	3
3	8	16	4
3	8	16	5
3	8	16	6
3	8	16	7
3	8	16	8
3	8	16	9
3	8	16	10
3	8	16	11
3	8	16	12
3	8	16	13
3	8	16	14
3	8	16	15
3	8	16	16
3	8	16	17
3	8	16	18
3	8	16	19
3	8	16	20
3	8	16	21
3	8	16	22
3	8	16	23
3	8	16	24
3	8	16	25
3	8	16	26
3	8	16	27
3	8	16	28
3	8	16	29
3	8	16	30
3	8	16	31
3	8	16	32
3	8	16	33
3	8	16	34
3	8	16	35
3	8	16	36
3	8	16	37
3	8	16	38
3	8	16	39
3	8	16	40
3	8	16	41
3	8	16	42
3	8	16	43
3	8	16	44
3	8	16	45
3	8	16	46
3	8	16	47
3	8	16	48
3	8	16	49
3	8	16	50
3	8	16	51
3	8	16	52
3	8	16	53
3	8	16	54
3	8	16	55
3	8	16	56
3	8	16	57
3	8	16	58
3	8	16	59
3	8	16	60
3	8	16	61
3	8	16	62
3	8	16	63
3	8	16	64
3	8	16	65
3	8	16	66
3	8	16	67
3	8	16	68
3	8	16	69
3	8	16	70
3	8	16	71
3	8	16	72
3	8	16	73
3	8	16	74
3	8	16	75
3	8	16	76
3	8	16	77
3	8	16	78
3	8	16	79
3	8	16	80
3	8	16	81
3	8	16	82
3	8	16	83
3	8	16	84
3	8	16	85
3	8	16	86
3	8	16	87
3	8	16	88
3	8	16	89
3	8	16	90
3	8	16	91
3	8	16	92
3	8	16	93
3	8	16	94
3	8	16	95
3	8	16	96
3	8	16	97
3	8	16	98
3	8	16	99
3	8	16	100
3	8	16	101
3	8	16	102
3	8	16	103
3	8	16	104
3	8	16	105
3	8	16	106
3	8	16	107
3	8	16	108
3	8	16	109
3	8	16	110
3	8	16	111
3	8	16	112
3	8	16	113
3	8	16	114
3	8	16	115
3	8	16	116
3	8	16	117
3	8	16	118
3	8	16	119
3	8	16	120
3	8	16	121
3	8	16	122
3	8	16	123
3	8	16	124
3	8	16	125
3	8	16	126
3	8	16	127
3	8	17	0
3	8	17	1
3	8	17	2
3	8	17	3
3	8	17	4
3	8	17	5
3	8	17	6
3	8	17	7
3	8	17	8
3	8	17	9
3	8	17	10
3	8	17	11
3	8	17	12
3	8	17	13
3	8	17	14
3	8	17	15
3	8	17	16
3	8	17	17
3	8	17	18
3	8	17	19
3	8	17	20
3	8	17	21
3	8	17	22
3	8	17	23
3	8	17	24
3	8	17	25
3	8	17	26
3	8	17	27
3	8	17	28
3	8	17	29
3	8	17	30
3	8	17	31
3	8	17	32
3	8	17	33
3	8	17	34
3	8	17	35
3	8	17	36
3	8	17	37
3	8	17	38
3	8	17	39
3	8	17	40
3	8	17	41
3	8	17	42
3	8	17	43
3	8	17	44
3	8	17	45
3	8	17	46
3	8	17	47
3	8	17	48
3	8	17	49
3	8	17	50
3	8	17	51
3	8	17	52
3	8	17	53
3	8	17	54
3	8	17	55
3	8	17	56
3	8	17	57
3	8	17	58
3	8	17	59
3	8	17	60
3	8	17	61
3	8	17	62
3	8	17	63
3	8	17	64
3	8	17	65
3	8	17	66
3	8	17	67
3	8	17	68
3	8	17	69
3	8	17	70
3	8	17	71
3	8	17	72
3	8	17	73
3	8	17	74
3	8	17	75
3	8	17	76
3	8	17	77
3	8	17	78
3	8	17	79
3	8	17	80
3	8	17	81
3	8	17	82
3	8	17	83
3	8	17	84
3	8	17	85
3	8	17	86
3	8	17	87
3	8	17	88
3	8	17	89
3	8	17	90
3	8	17	91
3	8	17	92
3	8	17	93
3	8	17	94
3	8	17	95
3	8	17	96
3	8	17	97
3	8	17	98
3	8	17	99
3	8	17	100
3	8	17	101
3	8	17	102
3	8	17	103
3	8	17	104
3	8	17	105
3	8	17	106
3	8	17	107
3	8	17	108
3	8	17	109
3	8	17	110
3	8	17	111
3	8	17	112
3	8	17	113
3	8	17	114
3	8	17	115
3	8	17	116
3	8	17	117
3	8	17	118
3	8	17	119
3	8	17	120
3	8	17	121
3	8	17	122
3	8	17	123
3	8	17	124
3	8	17	125
3	8	17	126
3	8	17	127
3	8	18	0
3	8	18	1
3	8	18	2
3	8	18	3
3	8	18	4
3	8	18	5
3	8	18	6
3	8	18	7
3	8	18	8
3	8	18	9
3	8	18	10
3	8	18	11
3	8	18	12
3	8	18	13
3	8	18	14
3	8	18	15
3	8	18	16
3	8	18	17
3	8	18	18
3	8	18	19
3	8	18	20
3	8	18	21
3	8	18	22
3	8	18	23
3	8	18	24
3	8	18	25
3	8	18	26
3	8	18	27
3	8	18	28
3	8	18	29
3	8	18	30
3	8	18	31
3	8	18	32
3	8	18	33
3	8	18	34
3	8	18	35
3	8	18	36
3	8	18	37
3	8	18	38
3	8	18	39
3	8	18	40
3	8	18	41
3	8	18	42
3	8	18	43
3	8	18	44
3	8	18	45
3	8	18	46
3	8	18	47
3	8	18	48
3	8	18	49
3	8	18	50
3	8	18	51
3	8	18	52
3	8	18	53
3	8	18	54
3	8	18	55
3	8	18	56
3	8	18	57
3	8	18	58
3	8	18	59
3	8	18	60
3	8	18	61
3	8	18	62
3	8	18	63
3	8	18	64
3	8	18	65
3	8	18	66
3	8	18	67
3	8	18	68
3	8	18	69
3	8	18	70
3	8	18	71
3	8	18	72
3	8	18	73
3	8	18	74
3	8	18	75
3	8	18	76
3	8	18	77
3	8	18	78
3	8	18	79
3	8	18	80
3	8	18	81
3	8	18	82
3	8	18	83
3	8	18	84
3	8	18	85
3	8	18	86
3	8	18	87
3	8	18	88
3	8	18	89
3	8	18	90
3	8	18	91
3	8	18	92
3	8	18	93
3	8	18	94
3	8	18	95
3	8	18	96
3	8	18	97
3	8	18	98
3	8	18	99
3	8	18	100
3	8	18	101
3	8	18	102
3	8	18	103
3	8	18	104
3	8	18	105
3	8	18	106
3	8	18	107
3	8	18	108
3	8	18	109
3	8	18	110
3	8	18	111
3	8	18	112
3	8	18	113
3	8	18	114
3	8	18	115
3	8	18	116
3	8	18	117
3	8	18	118
3	8	18	119
3	8	18	120
3	8	18	121
3	8	18	122
3	8	18	123
3	8	18	124
3	8	18	125
3	8	18	126
3	8	18	127
3	8	19	0
3	8	19	1
3	8	19	2
3	8	19	3
3	8	19	4
3	8	19	5
3	8	19	6
3	8	19	7
3	8	19	8
3	8	19	9
3	8	19	10
3	8	19	11
3	8	19	12
3	8	19	13
3	8	19	14
3	8	19	15
3	8	19	16
3	8	19	17
3	8	19	18
3	8	19	19
3	8	19	20
3	8	19	21
3	8	19	22
3	8	19	23
3	8	19	24
3	8	19	25
3	8	19	26
3	8	19	27
3	8	19	28
3	8	19	29
3	8	19	30
3	8	19	31
3	8	19	32
3	8	19	33
3	8	19	34
3	8	19	35
3	8	19	36
3	8	19	37
3	8	19	38
3	8	19	39
3	8	19	40
3	8	19	41
3	8	19	42
3	8	19	43
3	8	19	44
3	8	19	45
3	8	19	46
3	8	19	47
3	8	19	48
3	8	19	49
3	8	19	50
3	8	19	51
3	8	19	52
3	8	19	53
3	8	19	54
3	8	19	55
3	8	19	56
3	8	19	57
3	8	19	58
3	8	19	59
3	8	19	60
3	8	19	61
3	8	19	62
3	8	19	63
3	8	19	64
3	8	19	65
3	8	19	66
3	8	19	67
3	8	19	68
3	8	19	69
3	8	19	70
3	8	19	71
3	8	19	72
3	8	19	73
3	8	19	74
3	8	19	75
3	8	19	76
3	8	19	77
3	8	19	78
3	8	19	79
3	8	19	80
3	8	19	81
3	8	19	82
3	8	19	83
3	8	19	84
3	8	19	85
3	8	19	86
3	8	19	87
3	8	19	88
3	8	19	89
3	8	19	90
3	8	19	91
3	8	19	92
3	8	19	93
3	8	19	94
3	8	19	95
3	8	19	96
3	8	19	97
3	8	19	98
3	8	19	99
3	8	19	100
3	8	19	101
3	8	19	102
3	8	19	103
3	8	19	104
3	8	19	105
3	8	19	106
3	8	19	107
3	8	19	108
3	8	19	109
3	8	19	110
3	8	19	111
3	8	19	112
3	8	19	113
3	8	19	114
3	8	19	115
3	8	19	116
3	8	19	117
3	8	19	118
3	8	19	119
3	8	19	120
3	8	19	121
3	8	19	122
3	8	19	123
3	8	19	124
3	8	19	125
3	8	19	126
3	8	19	127
3	8	20	0
3	8	20	1
3	8	20	2
3	8	20	3
3	8	20	4
3	8	20	5
3	8	20	6
3	8	20	7
3	8	20	8
3	8	20	9
3	8	20	10
3	8	20	11
3	8	20	12
3	8	20	13
3	8	20	14
3	8	20	15
3	8	20	16
3	8	20	17
3	8	20	18
3	8	20	19
3	8	20	20
3	8	20	21
3	8	20	22
3	8	20	23
3	8	20	24
3	8	20	25
3	8	20	26
3	8	20	27
3	8	20	28
3	8	20	29
3	8	20	30
3	8	20	31
3	8	20	32
3	8	20	33
3	8	20	34
3	8	20	35
3	8	20	36
3	8	20	37
3	8	20	38
3	8	20	39
3	8	20	40
3	8	20	41
3	8	20	42
3	8	20	43
3	8	20	44
3	8	20	45
3	8	20	46
3	8	20	47
3	8	20	48
3	8	20	49
3	8	20	50
3	8	20	51
3	8	20	52
3	8	20	53
3	8	20	54
3	8	20	55
3	8	20	56
3	8	20	57
3	8	20	58
3	8	20	59
3	8	20	60
3	8	20	61
3	8	20	62
3	8	20	63
3	8	20	64
3	8	20	65
3	8	20	66
3	8	20	67
3	8	20	68
3	8	20	69
3	8	20	70
3	8	20	71
3	8	20	72
3	8	20	73
3	8	20	74
3	8	20	75
3	8	20	76
3	8	20	77
3	8	20	78
3	8	20	79
3	8	20	80
3	8	20	81
3	8	20	82
3	8	20	83
3	8	20	84
3	8	20	85
3	8	20	86
3	8	20	87
3	8	20	88
3	8	20	89
3	8	20	90
3	8	20	91
3	8	20	92
3	8	20	93
3	8	20	94
3	8	20	95
3	8	20	96
3	8	20	97
3	8	20	98
3	8	20	99
3	8	20	100
3	8	20	101
3	8	20	102
3	8	20	103
3	8	20	104
3	8	20	105
3	8	20	106
3	8	20	107
3	8	20	108
3	8	20	109
3	8	20	110
3	8	20	111
3	8	20	112
3	8	20	113
3	8	20	114
3	8	20	115
3	8	20	116
3	8	20	117
3	8	20	118
3	8	20	119
3	8	20	120
3	8	20	121
3	8	20	122
3	8	20	123
3	8	20	124
3	8	20	125
3	8	20	126
3	8	20	127
3	8	21	0
3	8	21	1
3	8	21	2
3	8	21	3
3	8	21	4
3	8	21	5
3	8	21	6
3	8	21	7
3	8	21	8
3	8	21	9
3	8	21	10
3	8	21	11
3	8	21	12
3	8	21	13
3	8	21	14
3	8	21	15
3	8	21	16
3	8	21	17
3	8	21	18
3	8	21	19
3	8	21	20
3	8	21	21
3	8	21	22
3	8	21	23
3	8	21	24
3	8	21	25
3	8	21	26
3	8	21	27
3	8	21	28
3	8	21	29
3	8	21	30
3	8	21	31
3	8	21	32
3	8	21	33
3	8	21	34
3	8	21	35
3	8	21	36
3	8	21	37
3	8	21	38
3	8	21	39
3	8	21	40
3	8	21	41
3	8	21	42
3	8	21	43
3	8	21	44
3	8	21	45
3	8	21	46
3	8	21	47
3	8	21	48
3	8	21	49
3	8	21	50
3	8	21	51
3	8	21	52
3	8	21	53
3	8	21	54
3	8	21	55
3	8	21	56
3	8	21	57
3	8	21	58
3	8	21	59
3	8	21	60
3	8	21	61
3	8	21	62
3	8	21	63
3	8	21	64
3	8	21	65
3	8	21	66
3	8	21	67
3	8	21	68
3	8	21	69
3	8	21	70
3	8	21	71
3	8	21	72
3	8	21	73
3	8	21	74
3	8	21	75
3	8	21	76
3	8	21	77
3	8	21	78
3	8	21	79
3	8	21	80
3	8	21	81
3	8	21	82
3	8	21	83
3	8	21	84
3	8	21	85
3	8	21	86
3	8	21	87
3	8	21	88
3	8	21	89
3	8	21	90
3	8	21	91
3	8	21	92
3	8	21	93
3	8	21	94
3	8	21	95
3	8	21	96
3	8	21	97
3	8	21	98
3	8	21	99
3	8	21	100
3	8	21	101
3	8	21	102
3	8	21	103
3	8	21	104
3	8	21	105
3	8	21	106
3	8	21	107
3	8	21	108
3	8	21	109
3	8	21	110
3	8	21	111
3	8	21	112
3	8	21	113
3	8	21	114
3	8	21	115
3	8	21	116
3	8	21	117
3	8	21	118
3	8	21	119
3	8	21	120
3	8	21	121
3	8	21	122
3	8	21	123
3	8	21	124
3	8	21	125
3	8	21	126
3	8	21	127
3	8	22	0
3	8	22	1
3	8	22	2
3	8	22	3
3	8	22	4
3	8	22	5
3	8	22	6
3	8	22	7
3	8	22	8
3	8	22	9
3	8	22	10
3	8	22	11
3	8	22	12
3	8	22	13
3	8	22	14
3	8	22	15
3	8	22	16
3	8	22	17
3	8	22	18
3	8	22	19
3	8	22	20
3	8	22	21
3	8	22	22
3	8	22	23
3	8	22	24
3	8	22	25
3	8	22	26
3	8	22	27
3	8	22	28
3	8	22	29
3	8	22	30
3	8	22	31
3	8	22	32
3	8	22	33
3	8	22	34
3	8	22	35
3	8	22	36
3	8	22	37
3	8	22	38
3	8	22	39
3	8	22	40
3	8	22	41
3	8	22	42
3	8	22	43
3	8	22	44
3	8	22	45
3	8	22	46
3	8	22	47
3	8	22	48
3	8	22	49
3	8	22	50
3	8	22	51
3	8	22	52
3	8	22	53
3	8	22	54
3	8	22	55
3	8	22	56
3	8	22	57
3	8	22	58
3	8	22	59
3	8	22	60
3	8	22	61
3	8	22	62
3	8	22	63
3	8	22	64
3	8	22	65
3	8	22	66
3	8	22	67
3	8	22	68
3	8	22	69
3	8	22	70
3	8	22	71
3	8	22	72
3	8	22	73
3	8	22	74
3	8	22	75
3	8	22	76
3	8	22	77
3	8	22	78
3	8	22	79
3	8	22	80
3	8	22	81
3	8	22	82
3	8	22	83
3	8	22	84
3	8	22	85
3	8	22	86
3	8	22	87
3	8	22	88
3	8	22	89
3	8	22	90
3	8	22	91
3	8	22	92
3	8	22	93
3	8	22	94
3	8	22	95
3	8	22	96
3	8	22	97
3	8	22	98
3	8	22	99
3	8	22	100
3	8	22	101
3	8	22	102
3	8	22	103
3	8	22	104
3	8	22	105
3	8	22	106
3	8	22	107
3	8	22	108
3	8	22	109
3	8	22	110
3	8	22	111
3	8	22	112
3	8	22	113
3	8	22	114
3	8	22	115
3	8	22	116
3	8	22	117
3	8	22	118
3	8	22	119
3	8	22	120
3	8	22	121
3	8	22	122
3	8	22	123
3	8	22	124
3	8	22	125
3	8	22	126
3	8	22	127
3	8	23	0
3	8	23	1
3	8	23	2
3	8	23	3
3	8	23	4
3	8	23	5
3	8	23	6
3	8	23	7
3	8	23	8
3	8	23	9
3	8	23	10
3	8	23	11
3	8	23	12
3	8	23	13
3	8	23	14
3	8	23	15
3	8	23	16
3	8	23	17
3	8	23	18
3	8	23	19
3	8	23	20
3	8	23	21
3	8	23	22
3	8	23	23
3	8	23	24
3	8	23	25
3	8	23	26
3	8	23	27
3	8	23	28
3	8	23	29
3	8	23	30
3	8	23	31
3	8	23	32
3	8	23	33
3	8	23	34
3	8	23	35
3	8	23	36
3	8	23	37
3	8	23	38
3	8	23	39
3	8	23	40
3	8	23	41
3	8	23	42
3	8	23	43
3	8	23	44
3	8	23	45
3	8	23	46
3	8	23	47
3	8	23	48
3	8	23	49
3	8	23	50
3	8	23	51
3	8	23	52
3	8	23	53
3	8	23	54
3	8	23	55
3	8	23	56
3	8	23	57
3	8	23	58
3	8	23	59
3	8	23	60
3	8	23	61
3	8	23	62
3	8	23	63
3	8	23	64
3	8	23	65
3	8	23	66
3	8	23	67
3	8	23	68
3	8	23	69
3	8	23	70
3	8	23	71
3	8	23	72
3	8	23	73
3	8	23	74
3	8	23	75
3	8	23	76
3	8	23	77
3	8	23	78
3	8	23	79
3	8	23	80
3	8	23	81
3	8	23	82
3	8	23	83
3	8	23	84
3	8	23	85
3	8	23	86
3	8	23	87
3	8	23	88
3	8	23	89
3	8	23	90
3	8	23	91
3	8	23	92
3	8	23	93
3	8	23	94
3	8	23	95
3	8	23	96
3	8	23	97
3	8	23	98
3	8	23	99
3	8	23	100
3	8	23	101
3	8	23	102
3	8	23	103
3	8	23	104
3	8	23	105
3	8	23	106
3	8	23	107
3	8	23	108
3	8	23	109
3	8	23	110
3	8	23	111
3	8	23	112
3	8	23	113
3	8	23	114
3	8	23	115
3	8	23	116
3	8	23	117
3	8	23	118
3	8	23	119
3	8	23	120
3	8	23	121
3	8	23	122
3	8	23	123
3	8	23	124
3	8	23	125
3	8	23	126
3	8	23	127
3	8	24	0
3	8	24	1
3	8	24	2
3	8	24	3
3	8	24	4
3	8	24	5
3	8	24	6
3	8	24	7
3	8	24	8
3	8	24	9
3	8	24	10
3	8	24	11
3	8	24	12
3	8	24	13
3	8	24	14
3	8	24	15
3	8	24	16
3	8	24	17
3	8	24	18
3	8	24	19
3	8	24	20
3	8	24	21
3	8	24	22
3	8	24	23
3	8	24	24
3	8	24	25
3	8	24	26
3	8	24	27
3	8	24	28
3	8	24	29
3	8	24	30
3	8	24	31
3	8	24	32
3	8	24	33
3	8	24	34
3	8	24	35
3	8	24	36
3	8	24	37
3	8	24	38
3	8	24	39
3	8	24	40
3	8	24	41
3	8	24	42
3	8	24	43
3	8	24	44
3	8	24	45
3	8	24	46
3	8	24	47
3	8	24	48
3	8	24	49
3	8	24	50
3	8	24	51
3	8	24	52
3	8	24	53
3	8	24	54
3	8	24	55
3	8	24	56
3	8	24	57
3	8	24	58
3	8	24	59
3	8	24	60
3	8	24	61
3	8	24	62
3	8	24	63
3	8	24	64
3	8	24	65
3	8	24	66
3	8	24	67
3	8	24	68
3	8	24	69
3	8	24	70
3	8	24	71
3	8	24	72
3	8	24	73
3	8	24	74
3	8	24	75
3	8	24	76
3	8	24	77
3	8	24	78
3	8	24	79
3	8	24	80
3	8	24	81
3	8	24	82
3	8	24	83
3	8	24	84
3	8	24	85
3	8	24	86
3	8	24	87
3	8	24	88
3	8	24	89
3	8	24	90
3	8	24	91
3	8	24	92
3	8	24	93
3	8	24	94
3	8	24	95
3	8	24	96
3	8	24	97
3	8	24	98
3	8	24	99
3	8	24	100
3	8	24	101
3	8	24	102
3	8	24	103
3	8	24	104
3	8	24	105
3	8	24	106
3	8	24	107
3	8	24	108
3	8	24	109
3	8	24	110
3	8	24	111
3	8	24	112
3	8	24	113
3	8	24	114
3	8	24	115
3	8	24	116
3	8	24	117
3	8	24	118
3	8	24	119
3	8	24	120
3	8	24	121
3	8	24	122
3	8	24	123
3	8	24	124
3	8	24	125
3	8	24	126
3	8	24	127
3	8	25	0
3	8	25	1
3	8	25	2
3	8	25	3
3	8	25	4
3	8	25	5
3	8	25	6
3	8	25	7
3	8	25	8
3	8	25	9
3	8	25	10
3	8	25	11
3	8	25	12
3	8	25	13
3	8	25	14
3	8	25	15
3	8	25	16
3	8	25	17
3	8	25	18
3	8	25	19
3	8	25	20
3	8	25	21
3	8	25	22
3	8	25	23
3	8	25	24
3	8	25	25
3	8	25	26
3	8	25	27
3	8	25	28
3	8	25	29
3	8	25	30
3	8	25	31
3	8	25	32
3	8	25	33
3	8	25	34
3	8	25	35
3	8	25	36
3	8	25	37
3	8	25	38
3	8	25	39
3	8	25	40
3	8	25	41
3	8	25	42
3	8	25	43
3	8	25	44
3	8	25	45
3	8	25	46
3	8	25	47
3	8	25	48
3	8	25	49
3	8	25	50
3	8	25	51
3	8	25	52
3	8	25	53
3	8	25	54
3	8	25	55
3	8	25	56
3	8	25	57
3	8	25	58
3	8	25	59
3	8	25	60
3	8	25	61
3	8	25	62
3	8	25	63
3	8	25	64
3	8	25	65
3	8	25	66
3	8	25	67
3	8	25	68
3	8	25	69
3	8	25	70
3	8	25	71
3	8	25	72
3	8	25	73
3	8	25	74
3	8	25	75
3	8	25	76
3	8	25	77
3	8	25	78
3	8	25	79
3	8	25	80
3	8	25	81
3	8	25	82
3	8	25	83
3	8	25	84
3	8	25	85
3	8	25	86
3	8	25	87
3	8	25	88
3	8	25	89
3	8	25	90
3	8	25	91
3	8	25	92
3	8	25	93
3	8	25	94
3	8	25	95
3	8	25	96
3	8	25	97
3	8	25	98
3	8	25	99
3	8	25	100
3	8	25	101
3	8	25	102
3	8	25	103
3	8	25	104
3	8	25	105
3	8	25	106
3	8	25	107
3	8	25	108
3	8	25	109
3	8	25	110
3	8	25	111
3	8	25	112
3	8	25	113
3	8	25	114
3	8	25	115
3	8	25	116
3	8	25	117
3	8	25	118
3	8	25	119
3	8	25	120
3	8	25	121
3	8	25	122
3	8	25	123
3	8	25	124
3	8	25	125
3	8	25	126
3	8	25	127
3	13	18	0
6	10	11	0
6	12	18	0
